0.0 0.0
0.0016666666666666668 0.011048985957418045
0.0033333333333333335 0.02182125906222161
0.005 0.03231948064935894
0.006666666666666667 0.042546000144448544
0.008333333333333333 0.05250295790016854
0.01 0.06219237882466491
0.011666666666666667 0.07161625711712237
0.013333333333333334 0.080776632292236
0.015000000000000001 0.08967565655163866
0.016666666666666666 0.0983156535263224
0.018333333333333333 0.1066991683999365
0.02 0.11482900949406515
0.021666666666666667 0.12270828144681876
0.023333333333333334 0.1303404102291035
0.025 0.13772916029808782
0.02666666666666667 0.14487864429643077
0.028333333333333335 0.15179332573732804
0.030000000000000002 0.15847801520479635
0.03166666666666667 0.16493786060165824
0.03333333333333333 0.17117833204782149
0.035 0.177205202009407
0.03666666666666667 0.18302452129404995
0.03833333333333334 0.18864259150504523
0.04 0.19406593458976712
0.04166666666666667 0.19930126005724488
0.043333333333333335 0.20435543047333166
0.045000000000000005 0.20923542576625304
0.04666666666666667 0.21394830690179578
0.04833333333333334 0.21850117939913014
0.05 0.22290115718060452
0.05166666666666667 0.22715532715056105
0.05333333333333334 0.2312707149188231
0.055 0.235254251978982
0.05666666666666667 0.2391127446731008
0.058333333333333334 0.24285284516432143
0.060000000000000005 0.24648102466338256
0.06166666666666667 0.25000354904248107
0.06333333333333334 0.25342645700000993
0.065 0.25675554082615376
0.06666666666666667 0.25999632985682936
0.06833333333333334 0.2631540765907233
0.07 0.2662337454902543
0.07166666666666667 0.26924000437624107
0.07333333333333333 0.2721772183820982
0.07500000000000001 0.27504944632445116
0.07666666666666667 0.27786043941351163
0.07833333333333334 0.2806136421201073
0.08 0.28331219509331035
0.08166666666666667 0.28595893991819177
0.08333333333333334 0.2885564255909391
0.085 0.2911069164856475
0.08666666666666667 0.2936124016846816
0.08833333333333333 0.29607460544257547
0.09000000000000001 0.29849499866031554
0.09166666666666667 0.30087481114408304
0.09333333333333334 0.3032150445390788
0.095 0.3055164857235077
0.09666666666666668 0.3077797205730247
0.09833333333333334 0.3100051478971422
0.1 0.3121929934816307
0.10166666666666667 0.3143433240576949
0.10333333333333335 0.3164560611582116
0.10500000000000001 0.31853099470210317
0.10666666666666667 0.3205677962940536
0.10833333333333334 0.3225660321005451
0.11 0.3245251753154399
0.11166666666666668 0.3264446180946101
0.11333333333333334 0.3283236829967679
0.115 0.33016163382596636
0.11666666666666667 0.33195768593451713
0.11833333333333335 0.33371101589449226
0.12000000000000001 0.33542077061518283
0.12166666666666667 0.33708607582398814
0.12333333333333334 0.3387060440037746
0.125 0.3402797817100314
0.12666666666666668 0.3418063963736149
0.12833333333333335 0.3432850025149714
0.13 0.34471472748579796
0.13166666666666668 0.34609471666379865
0.13333333333333333 0.34742413822425283
0.135 0.3487021874116204
0.1366666666666667 0.3499280904405883
0.13833333333333334 0.35110110794551025
0.14 0.352220538112038
0.14166666666666666 0.3532857194041063
0.14333333333333334 0.3542960330234239
0.14500000000000002 0.3552509050077837
0.14666666666666667 0.35614980810838304
0.14833333333333334 0.3569922633448091
0.15000000000000002 0.3577778413804218
0.15166666666666667 0.35850616360916077
0.15333333333333335 0.3591769030989738
0.155 0.3597897852748836
0.15666666666666668 0.3603445884897814
0.15833333333333335 0.36084114435808096
0.16 0.36127933800335504
0.16166666666666668 0.3616591080872762
0.16333333333333333 0.3619804467748104
0.165 0.36224339949513806
0.16666666666666669 0.36244806465730595
0.16833333333333333 0.3625945931729751
0.17 0.36268318794955445
0.1716666666666667 0.36271410319900965
0.17333333333333334 0.36268764373063495
0.17500000000000002 0.36260416406617674
0.17666666666666667 0.36246406755087235
0.17833333333333334 0.362267805292225
0.18000000000000002 0.3620158751055183
0.18166666666666667 0.36170882029169826
0.18333333333333335 0.361347228432288
0.18500000000000003 0.360931730020754
0.18666666666666668 0.3604629971209529
0.18833333333333335 0.359941741866108
0.19 0.3593687149949359
0.19166666666666668 0.3587447042324204
0.19333333333333336 0.35807053271812583
0.195 0.35734705728346056
0.19666666666666668 0.35657516678718254
0.19833333333333333 0.35575578030466587
0.2 0.3548898453863576
0.2016666666666667 0.3539783361751886
0.20333333333333334 0.3530222516044747
0.20500000000000002 0.35202261346036234
0.2066666666666667 0.3509804645363578
0.20833333333333334 0.34989686665829617
0.21000000000000002 0.34877289881317686
0.21166666666666667 0.3476096551545397
0.21333333333333335 0.3464082431235648
0.21500000000000002 0.34516978145289234
0.21666666666666667 0.34389539829808585
0.21833333333333335 0.3425862292579547
0.22 0.34124341553406573
0.22166666666666668 0.3398681019852297
0.22333333333333336 0.3384614353324678
0.225 0.33702456226470906
0.22666666666666668 0.33555862770575157
0.22833333333333336 0.3340647729873617
0.23 0.3325441341938076
0.2316666666666667 0.3309978404173303
0.23333333333333334 0.32942701219460696
0.23500000000000001 0.32783275985839727
0.2366666666666667 0.3262161820787727
0.23833333333333334 0.324578364323057
0.24000000000000002 0.3229203775130925
0.24166666666666667 0.3212432766040986
0.24333333333333335 0.31954809936739964
0.24500000000000002 0.31783586509693273
0.24666666666666667 0.31610757352521923
0.24833333333333335 0.3143642036642248
0.25 0.31260671286049213
0.2516666666666667 0.3108360357753264
0.25333333333333335 0.3090530835828362
0.255 0.3072587430926849
0.2566666666666667 0.30545387609297625
0.25833333333333336 0.3036393186166979
0.26 0.30181588042977264
0.26166666666666666 0.29998434444053024
0.26333333333333336 0.29814546633130534
0.265 0.2962999741087524
0.26666666666666666 0.2944485678757304
0.26833333333333337 0.2925919195185902
0.27 0.2907306726146482
0.27166666666666667 0.28886544225115585
0.2733333333333334 0.28699681506227914
0.275 0.2851253491731717
0.27666666666666667 0.2832515743592352
0.2783333333333334 0.2813759921076751
0.28 0.2794990758905923
0.2816666666666667 0.27762127133543435
0.2833333333333333 0.2757429966028976
0.28500000000000003 0.27386464265698407
0.2866666666666667 0.27198657373776464
0.28833333333333333 0.27010912772102974
0.29000000000000004 0.26823261667581405
0.2916666666666667 0.2663573273033786
0.29333333333333333 0.2644835215686952
0.29500000000000004 0.262611437208246
0.2966666666666667 0.2607412884248164
0.29833333333333334 0.25887326645352365
0.30000000000000004 0.257007540309053
0.3016666666666667 0.25514425739940855
0.30333333333333334 0.253283544315085
0.305 0.25142550748019415
0.3066666666666667 0.24957023397320593
0.30833333333333335 0.2477177922055767
0.31 0.24586823276414527
0.3116666666666667 0.2440215891076242
0.31333333333333335 0.24217787842129807
0.315 0.24033710232258446
0.3166666666666667 0.2384992477189223
0.31833333333333336 0.23666428751409319
0.32 0.2348321814613702
0.3216666666666667 0.23300287686272075
0.32333333333333336 0.23117630940965836
0.325 0.22935240386860714
0.32666666666666666 0.22753107490259616
0.32833333333333337 0.2257122277365471
0.33 0.22389575895398595
0.33166666666666667 0.2220815571367673
0.33333333333333337 0.22026950363153724
0.335 0.21845947315941286
0.33666666666666667 0.2166513345476888
0.3383333333333334 0.214844951305612
0.34 0.2130401823177601
0.3416666666666667 0.21123688238277408
0.3433333333333334 0.2094349028653849
0.34500000000000003 0.2076340921958645
0.3466666666666667 0.20583429647852777
0.34833333333333333 0.2040353599500984
0.35000000000000003 0.20223712554320245
0.3516666666666667 0.20043943530271904
0.35333333333333333 0.19864213090322017
0.35500000000000004 0.19684505402292904
0.3566666666666667 0.19504804681481605
0.35833333333333334 0.19325095223828523
0.36000000000000004 0.19145361448412232
0.3616666666666667 0.1896558792644885
0.36333333333333334 0.18785759419244114
0.36500000000000005 0.18605860903133006
0.3666666666666667 0.1842587760298949
0.36833333333333335 0.1824579501325419
0.37000000000000005 0.1806559892714957
0.3716666666666667 0.17885275453976063
0.37333333333333335 0.1770481104419952
0.375 0.17524192503223407
0.3766666666666667 0.17343407012550555
0.37833333333333335 0.1716244214025206
0.38 0.1698128585843141
0.3816666666666667 0.1679992655063326
0.38333333333333336 0.16618353025832458
0.385 0.1643655452304725
0.3866666666666667 0.16254520722097304
0.38833333333333336 0.16072241745679772
0.39 0.15889708167149674
0.3916666666666667 0.1570691101032612
0.39333333333333337 0.15523841754539858
0.395 0.15340492332439115
0.39666666666666667 0.15156855132562136
0.3983333333333334 0.149729229953928
0.4 0.14788689213705727
0.40166666666666667 0.1460414752713213
0.4033333333333334 0.1441929212051392
0.405 0.142341176172276
0.4066666666666667 0.14048619075772467
0.4083333333333334 0.13862791982087233
0.41000000000000003 0.13676632244594203
0.4116666666666667 0.1349013618572695
0.4133333333333334 0.13303300535639956
0.41500000000000004 0.1311612242314971
0.4166666666666667 0.12928599368302993
0.41833333333333333 0.12740729272929657
0.42000000000000004 0.12552510412236684
0.4216666666666667 0.12363941425154376
0.42333333333333334 0.12175021305119638
0.42500000000000004 0.11985749390369689
0.4266666666666667 0.11796125354068336
0.42833333333333334 0.11606149194687047
0.43000000000000005 0.11415821225606702
0.4316666666666667 0.11225142065712446
0.43333333333333335 0.11034112628591657
0.43500000000000005 0.10842734113448138
0.4366666666666667 0.10651007994001906
0.43833333333333335 0.1045893600982043
0.44 0.10266520155001282
0.4416666666666667 0.10073762670011606
0.44333333333333336 0.09880666030231368
0.445 0.09687232938352085
0.4466666666666667 0.09493466312854124
0.44833333333333336 0.09299369281024095
0.45 0.09104945167410794
0.4516666666666667 0.08910197487502647
0.45333333333333337 0.08715129936208231
0.455 0.08519746382222089
0.4566666666666667 0.08324050856564141
0.45833333333333337 0.08128047547649087
0.46 0.07931740789913638
0.46166666666666667 0.07735135059600061
0.4633333333333334 0.0753823496348796
0.465 0.07341045235392772
0.4666666666666667 0.0714357072501566
0.4683333333333334 0.06945816395149115
0.47000000000000003 0.0674778731064865
0.4716666666666667 0.06549488636338183
0.4733333333333334 0.06350925626110822
0.47500000000000003 0.061521036215057986
0.4766666666666667 0.059530280409372784
0.4783333333333334 0.057537043789313666
0.48000000000000004 0.05554138195468777
0.4816666666666667 0.05354335115855987
0.48333333333333334 0.05154300820181725
0.48500000000000004 0.049540410437900945
0.4866666666666667 0.04753561566843987
0.48833333333333334 0.045528682153711565
0.49000000000000005 0.04351966850923564
0.4916666666666667 0.041508633721596154
0.49333333333333335 0.039495637046018585
0.49500000000000005 0.03748073802717036
0.4966666666666667 0.03546399639757047
0.49833333333333335 0.033445472103109906
0.5 0.031425225202221976
0.5016666666666667 0.029403315895788918
0.5033333333333334 0.027379804426995853
0.505 0.025354751115263356
0.5066666666666667 0.023328216256738987
0.5083333333333334 0.021300260161961307
0.51 0.019270943056998068
0.5116666666666667 0.01724032512447842
0.5133333333333334 0.015208466405377548
0.515 0.013175426843122359
0.5166666666666667 0.011141266186030315
0.5183333333333333 0.009106044034184498
0.52 0.007069819742643695
0.5216666666666667 0.005032652470773291
0.5233333333333333 0.002994601086246949
0.525 0.000955724216655399
0.5266666666666667 -0.0010839198456573974
0.5283333333333333 -0.0031242730898996506
0.53 -0.005165277881056219
0.5316666666666667 -0.007206876904365028
0.5333333333333333 -0.009249013258403724
0.535 -0.01129163039793255
0.5366666666666667 -0.013334672225679979
0.5383333333333333 -0.015378083033780991
0.54 -0.017421807594035416
0.5416666666666667 -0.019465791097982722
0.5433333333333333 -0.021509979245568175
0.545 -0.02355431818401115
0.5466666666666667 -0.02559875459452095
0.5483333333333333 -0.027643235630072222
0.55 -0.029687709000007435
0.5516666666666667 -0.03173212290680339
0.5533333333333333 -0.033776426128237565
0.555 -0.03582056795324428
0.5566666666666668 -0.03786449826138262
0.5583333333333333 -0.03990816745780107
0.56 -0.041951526549748375
0.5616666666666666 -0.04399452708072674
0.5633333333333334 -0.04603712120366611
0.5650000000000001 -0.04807926161425195
0.5666666666666667 -0.050120901620636524
0.5683333333333334 -0.05216199507586481
0.5700000000000001 -0.05420249644369805
0.5716666666666667 -0.05624236073029817
0.5733333333333334 -0.05828154354586754
0.5750000000000001 -0.0603200010354916
0.5766666666666667 -0.0623576899362796
0.5783333333333334 -0.06439456750745697
0.5800000000000001 -0.06643059158268078
0.5816666666666667 -0.06846572049933666
0.5833333333333334 -0.07049991314576398
0.5850000000000001 -0.07253312888970746
0.5866666666666667 -0.07456532762025563
0.5883333333333334 -0.07659646967545054
0.5900000000000001 -0.07862651587860474
0.5916666666666667 -0.08065542746512497
0.5933333333333334 -0.08268316611298478
0.5950000000000001 -0.08470969386875453
0.5966666666666667 -0.08673497317203009
0.5983333333333334 -0.08875896678069267
0.6000000000000001 -0.09078163778919217
0.6016666666666667 -0.09280294955307633
0.6033333333333334 -0.09482286570087345
0.6050000000000001 -0.0968413500580948
0.6066666666666667 -0.09885836665262145
0.6083333333333334 -0.10087387963819591
0.61 -0.1028878532933835
0.6116666666666667 -0.10490025194471937
0.6133333333333334 -0.10691103995912575
0.615 -0.10892018166693508
0.6166666666666667 -0.1109276413479225
0.6183333333333334 -0.11293338315444376
0.62 -0.11493737109113168
0.6216666666666667 -0.11693956893847982
0.6233333333333334 -0.11893994022642843
0.625 -0.12093844815878402
0.6266666666666667 -0.12293505558103136
0.6283333333333334 -0.12492972490590953
0.63 -0.12692241807582563
0.6316666666666667 -0.12891309649023677
0.6333333333333334 -0.13090172096311414
0.635 -0.132888251652662
0.6366666666666667 -0.13487264801451349
0.6383333333333334 -0.13685486873449212
0.64 -0.13883487167820077
0.6416666666666667 -0.14081261382774943
0.6433333333333334 -0.1427880512284846
0.645 -0.1447611389306425
0.6466666666666667 -0.14673183093440423
0.6483333333333334 -0.14870008013737582
0.65 -0.15066583827912663
0.6516666666666667 -0.15262905589585635
0.6533333333333333 -0.15458968226571757
0.655 -0.15654766537208784
0.6566666666666667 -0.15850295185117202
0.6583333333333333 -0.16045548696552334
0.66 -0.1624052145557152
0.6616666666666667 -0.16435207702587123
0.6633333333333333 -0.16629601530137367
0.665 -0.16823696882847552
0.6666666666666667 -0.17017487554029803
0.6683333333333333 -0.17210967187278645
0.67 -0.17404129274151708
0.6716666666666667 -0.17596967157655133
0.6733333333333333 -0.17789474031288982
0.675 -0.1798164294470593
0.6766666666666667 -0.18173466804434388
0.6783333333333333 -0.18364938382032372
0.68 -0.1855605031683285
0.6816666666666668 -0.18746795126945262
0.6833333333333333 -0.18937165214414167
0.685 -0.19127152879451714
0.6866666666666668 -0.1931675032843526
0.6883333333333334 -0.1950594969180611
0.6900000000000001 -0.19694743035369014
0.6916666666666668 -0.19883122382328888
0.6933333333333334 -0.20071079728402685
0.6950000000000001 -0.20258607068507642
0.6966666666666667 -0.20445696416246412
0.6983333333333334 -0.20632339835799887
0.7000000000000001 -0.20818529466391353
0.7016666666666667 -0.21004257559990902
0.7033333333333334 -0.2118951651140023
0.7050000000000001 -0.21374298902419675
0.7066666666666667 -0.2155859753824836
0.7083333333333334 -0.2174240549880629
0.7100000000000001 -0.21925716182180566
0.7116666666666667 -0.22108523363832494
0.7133333333333334 -0.22290821247867545
0.7150000000000001 -0.22472604534883345
0.7166666666666667 -0.22653868481864425
0.7183333333333334 -0.228346089794643
0.7200000000000001 -0.2301482262134081
0.7216666666666667 -0.23194506791671288
0.7233333333333334 -0.2337365974475304
0.7250000000000001 -0.23552280703550932
0.7266666666666667 -0.2373036995037511
0.7283333333333334 -0.23907928937222847
0.7300000000000001 -0.24084960388319612
0.7316666666666667 -0.24261468422975657
0.7333333333333334 -0.24437458670687784
0.7350000000000001 -0.24612938407157414
0.7366666666666667 -0.2478791668255674
0.7383333333333334 -0.2496240447122114
0.7400000000000001 -0.2513641481354544
0.7416666666666667 -0.2530996297967729
0.7433333333333334 -0.2548306662532018
0.745 -0.25655745969539345
0.7466666666666667 -0.2582802396445507
0.7483333333333334 -0.2599992648699404
0.75 -0.2617148252214302
0.7516666666666667 -0.2634272436807493
0.7533333333333334 -0.26513687832215743
0.755 -0.26684412448738043
0.7566666666666667 -0.2685494168618059
0.7583333333333334 -0.27025323175718424
0.76 -0.2719560892846914
0.7616666666666667 -0.27365855572293546
0.7633333333333334 -0.27536124576180265
0.765 -0.2770648249253735
0.7666666666666667 -0.2787700118519742
0.7683333333333334 -0.2804775807323958
0.77 -0.28218836358163474
0.7716666666666667 -0.2839032526422735
0.7733333333333334 -0.28562320259227375
0.775 -0.2873492328512894
0.7766666666666667 -0.2890824296560549
0.7783333333333334 -0.2908239481942906
0.78 -0.29257501446519574
0.7816666666666667 -0.29433692715069804
0.7833333333333334 -0.29611105916331076
0.785 -0.29789885914862685
0.7866666666666667 -0.29970185260610155
0.7883333333333333 -0.30152164289973843
0.79 -0.3033599118202009
0.7916666666666667 -0.3052184199626652
0.7933333333333333 -0.3070990065805571
0.795 -0.3090035891717134
0.7966666666666667 -0.3109341624558133
0.7983333333333333 -0.3128927969919793
0.8 -0.31488163709448225
0.8016666666666667 -0.3169028982877344
0.8033333333333333 -0.3189588639585288
0.805 -0.32105188143907515
0.8066666666666668 -0.3231843571797436
0.8083333333333333 -0.3253587512381612
0.81 -0.32757757074570487
0.8116666666666668 -0.32984336257209274
0.8133333333333334 -0.3321587048527608
0.8150000000000001 -0.33452619759524566
0.8166666666666668 -0.33694845203486007
0.8183333333333334 -0.33942807895330207
0.8200000000000001 -0.34196767563855024
0.8216666666666668 -0.3445698116993691
0.8233333333333334 -0.3472370134240661
0.8250000000000001 -0.349971746899469
0.8266666666666668 -0.35277639959443563
0.8283333333333334 -0.3556532606303942
0.8300000000000001 -0.3586044994619032
0.8316666666666667 -0.36163214320067333
0.8333333333333334 -0.36473805232965445
0.8350000000000001 -0.3679238950562533
0.8366666666666667 -0.3711911200805322
0.8383333333333334 -0.3745409280486106
0.8400000000000001 -0.37797424150223297
0.8416666666666667 -0.3814916736220653
0.8433333333333334 -0.3850934956171776
0.8450000000000001 -0.3887796030916287
0.8466666666666667 -0.3925494812889218
0.8483333333333334 -0.39640216958488605
0.8500000000000001 -0.40033622518431394
0.8516666666666667 -0.4043496864373917
0.8533333333333334 -0.40844003579156424
0.8550000000000001 -0.4126041628451525
0.8566666666666667 -0.41683832758322015
0.8583333333333334 -0.42113812431548314
0.8600000000000001 -0.42549844646371837
0.8616666666666667 -0.42991345277274823
0.8633333333333334 -0.4343765351591057
0.8650000000000001 -0.4388802888226188
0.8666666666666667 -0.4434164848972225
0.8683333333333334 -0.44797604631018084
0.8700000000000001 -0.45254902717874196
0.8716666666666667 -0.4571245964445103
0.8733333333333334 -0.46169102611225704
0.8750000000000001 -0.4662356848053019
0.8766666666666667 -0.47074503701983145
0.8783333333333334 -0.47520464877670177
0.88 -0.47959920003992984
0.8816666666666667 -0.4839125045541281
0.8833333333333334 -0.48812753742188925
0.885 -0.49222647098860506
0.8866666666666667 -0.49619071926685326
0.8883333333333334 -0.500000991340259
0.89 -0.5036373538466342
0.8916666666666667 -0.5070793028080133
0.8933333333333334 -0.5103058447311444
0.895 -0.5132955870317923
0.8966666666666667 -0.5160268374899522
0.8983333333333334 -0.5184777125394407
0.9 -0.520626253851686
0.9016666666666667 -0.5224505527425181
0.9033333333333334 -0.5239288815976657
0.905 -0.5250398315629466
0.9066666666666667 -0.5257624554319609
0.9083333333333334 -0.5260764147069013
0.91 -0.5259621295249198
0.9116666666666667 -0.5254009301905987
0.9133333333333334 -0.5243752088130387
0.915 -0.5228685696104898
0.9166666666666667 -0.5208659762551873
0.9183333333333334 -0.5183538947228152
0.92 -0.5153204299787675
0.9216666666666667 -0.5117554549611109
0.9233333333333333 -0.5076507302494597
0.925 -0.5030000129758939
0.9266666666666667 -0.4977991535252633
0.9283333333333333 -0.4920461787760817
0.93 -0.48574136068127943
0.9316666666666668 -0.4788872692237134
0.9333333333333333 -0.47148880887574895
0.935 -0.46355323794992537
0.9366666666666668 -0.4550901703556759
0.9383333333333334 -0.44611155954402004
0.9400000000000001 -0.43663166456857
0.9416666666666668 -0.4266669984539513
0.9433333333333334 -0.41623625921201574
0.9450000000000001 -0.4053602440915462
0.9466666666666668 -0.39406174778522457
0.9483333333333334 -0.38236544553393464
0.9500000000000001 -0.370297762183562
0.9516666666666668 -0.3578867284276559
0.9533333333333334 -0.34516182555270897
0.9550000000000001 -0.3321538201364075
0.9566666666666668 -0.31889459019551425
0.9583333333333334 -0.3054169443654953
0.9600000000000001 -0.2917544356994802
0.9616666666666668 -0.2779411717111553
0.9633333333333334 -0.2640116222495378
0.9650000000000001 -0.2500004267824238
0.9666666666666667 -0.23594220258781703
0.9683333333333334 -0.22187135529556756
0.9700000000000001 -0.20782189310530985
0.9716666666666667 -0.1938272459075648
0.9733333333333334 -0.17992009038528997
0.9750000000000001 -0.16613218203799693
0.9766666666666667 -0.15249419489545613
0.9783333333333334 -0.13903556952856116
0.9800000000000001 -0.12578436977775762
0.9816666666666667 -0.1127671484532692
0.9833333333333334 -0.10000882208147294
0.9850000000000001 -0.08753255462064402
0.9866666666666667 -0.07535964991610286
0.9883333333333334 -0.06350945254210731
0.9900000000000001 -0.05199925655332092
0.9916666666666667 -0.04084422155851688
0.9933333333333334 -0.030057295397695794
0.9950000000000001 -0.019649142555430137
0.9966666666666667 -0.009628077256882762
0.9983333333333334 0.0
