0.0 0.0
0.0016666666666666668 -0.006569497061756234
0.0033333333333333335 -0.013028475432275841
0.005 -0.019381444045484936
0.006666666666666667 -0.025631959942940753
0.008333333333333333 -0.03178291679752508
0.01 -0.037836784083342366
0.011666666666666667 -0.04379579137727845
0.013333333333333334 -0.049662061433780984
0.015000000000000001 -0.05543770021284346
0.016666666666666666 -0.06112485342866054
0.018333333333333333 -0.066725738774478
0.02 -0.07224266155038829
0.021666666666666667 -0.07767801972272118
0.023333333333333334 -0.08303430270228358
0.025 -0.08831408670697864
0.02666666666666667 -0.09352002837899516
0.028333333333333335 -0.09865485754887095
0.030000000000000002 -0.10372136944384024
0.03166666666666667 -0.10872241637636414
0.03333333333333333 -0.1136608987442434
0.035 -0.11853975519701547
0.03666666666666667 -0.12336195179502661
0.03833333333333334 -0.12813047011688447
0.04 -0.13284829428365527
0.04166666666666667 -0.13751839700719573
0.043333333333333335 -0.1421437247634434
0.045000000000000005 -0.14672718230569293
0.04666666666666667 -0.15127161669269745
0.04833333333333334 -0.1557798010938319
0.05 -0.16025441856550782
0.05166666666666667 -0.1646980460617946
0.05333333333333334 -0.1691131388575239
0.055 -0.17350201562045214
0.05666666666666667 -0.1778668442765038
0.058333333333333334 -0.18220962886578215
0.060000000000000005 -0.18653219749186656
0.06166666666666667 -0.19083619151877398
0.06333333333333334 -0.19512305607507646
0.065 -0.19939403197585376
0.06666666666666667 -0.20365014908051282
0.06833333333333334 -0.20789222115499822
0.07 -0.21212084221798722
0.07166666666666667 -0.2163363844006247
0.07333333333333333 -0.22053899726523327
0.07500000000000001 -0.22472860857828034
0.07666666666666667 -0.2289049264543773
0.07833333333333334 -0.23306744283784483
0.08 -0.23721543821688673
0.08166666666666667 -0.2413479875146682
0.08333333333333334 -0.24546396703785836
0.085 -0.2495620624119268
0.08666666666666667 -0.2536407773766347
0.08833333333333333 -0.25769844336305386
0.09000000000000001 -0.2617332297254812
0.09166666666666667 -0.265743154547991
0.09333333333333334 -0.2697260959049971
0.095 -0.27367980349956983
0.09666666666666668 -0.27760191056954375
0.09833333333333334 -0.28148994599299987
0.1 -0.28534134649741727
0.10166666666666667 -0.28915346891456933
0.10333333333333335 -0.29292360240107956
0.10500000000000001 -0.2966489805784059
0.10666666666666667 -0.30032679352846825
0.10833333333333334 -0.30395419960984504
0.11 -0.30752833704596416
0.11166666666666668 -0.3110463352605572
0.11333333333333334 -0.31450532592506025
0.115 -0.3179024537015312
0.11666666666666667 -0.3212348866567405
0.11833333333333335 -0.324499826337061
0.12000000000000001 -0.32769451748805606
0.12166666666666667 -0.3308162574123277
0.12333333333333334 -0.33386240495505914
0.125 -0.3368303891128398
0.12666666666666668 -0.3397177172585232
0.12833333333333335 -0.34252198297784947
0.13 -0.3452408735125227
0.13166666666666668 -0.3478721768043129
0.13333333333333333 -0.3504137881355341
0.135 -0.35286371635908886
0.1366666666666667 -0.35522008971299535
0.13833333333333334 -0.3574811612115287
0.14 -0.3596453136073937
0.14166666666666666 -0.3617110639159207
0.14333333333333334 -0.3636770674959018
0.14500000000000002 -0.36554212167766925
0.14666666666666667 -0.36730516893340165
0.14833333333333334 -0.36896529958108265
0.15000000000000002 -0.37052175401814497
0.15166666666666667 -0.37197392447793437
0.15333333333333335 -0.3733213563068482
0.155 -0.37456374875784354
0.15666666666666668 -0.375700955301005
0.15833333333333335 -0.37673298344981593
0.16 -0.3776599941073733
0.16166666666666668 -0.37848230043488906
0.16333333333333333 -0.37920036625043246
0.165 -0.37981480396460665
0.16666666666666669 -0.38032637206463893
0.16833333333333333 -0.3807359721583219
0.17 -0.3810446455928676
0.1716666666666667 -0.38125356966445473
0.17333333333333334 -0.38136405343717056
0.17500000000000002 -0.38137753319096357
0.17666666666666667 -0.381295567520742
0.17833333333333334 -0.3811198321094594
0.18000000000000002 -0.38085211420016846
0.18166666666666667 -0.38049430679274593
0.18333333333333335 -0.380048402592153
0.18500000000000003 -0.3795164877363068
0.18666666666666668 -0.37890073533155005
0.18833333333333335 -0.3782033988252893
0.19 -0.3774268052443971
0.19166666666666668 -0.37657334832955136
0.19333333333333336 -0.37564548159379324
0.195 -0.3746457113356112
0.19666666666666668 -0.3735765896338451
0.19833333333333333 -0.3724407073537682
0.2 -0.37124068719034686
0.2016666666666667 -0.369979176776475
0.20333333333333334 -0.368658841880073
0.20500000000000002 -0.36728235971589807
0.2066666666666667 -0.3658524123934275
0.20833333333333334 -0.3643716805240716
0.21000000000000002 -0.362842837006477
0.21166666666666667 -0.3612685410101157
0.21333333333333335 -0.3596514321727372
0.21500000000000002 -0.35799412502909067
0.21666666666666667 -0.356299203683052
0.21833333333333335 -0.35456921673734204
0.22 -0.3528066724896775
0.22166666666666668 -0.3510140344063909
0.22333333333333336 -0.34919371687898093
0.225 -0.3473480812714858
0.22666666666666668 -0.3454794322610096
0.22833333333333336 -0.34359001447618015
0.23 -0.3416820094329927
0.2316666666666667 -0.3397575327699
0.23333333333333334 -0.3378186317789152
0.23500000000000001 -0.3358672832319217
0.2366666666666667 -0.3339053914966569
0.23833333333333334 -0.331934786939158
0.24000000000000002 -0.3299572246049785
0.24166666666666667 -0.3279743831740249
0.24333333333333335 -0.3259878641795778
0.24500000000000002 -0.3239991914846041
0.24666666666666667 -0.32200981100447984
0.24833333333333335 -0.32002109066789935
0.25 -0.31803432060399683
0.2516666666666667 -0.31605071354643993
0.25333333333333335 -0.31407140544170126
0.255 -0.3120974562515502
0.2566666666666667 -0.3101298509364773
0.25833333333333336 -0.3081695006097787
0.26 -0.3062172438486292
0.26166666666666666 -0.30427384815184033
0.26333333333333336 -0.30234001153065776
0.265 -0.3004163642222379
0.26666666666666666 -0.2985034705126079
0.26833333333333337 -0.29660183065895585
0.27 -0.2947118828983845
0.27166666666666667 -0.2928340055336416
0.2733333333333334 -0.29096851908336224
0.275 -0.28911568848798647
0.27666666666666667 -0.2872757253597778
0.2783333333333334 -0.28544879026852915
0.28 -0.2836349950523872
0.2816666666666667 -0.281834405146125
0.2833333333333333 -0.2800470419171784
0.28500000000000003 -0.27827288500267655
0.2866666666666667 -0.27651187463851107
0.28833333333333333 -0.27476391397477234
0.29000000000000004 -0.27302887136952086
0.2916666666666667 -0.27130658265596824
0.29333333333333333 -0.26959685337604977
0.29500000000000004 -0.2678994609764812
0.2966666666666667 -0.26621415696096035
0.29833333333333334 -0.2645406689956189
0.30000000000000004 -0.26287870296229837
0.3016666666666667 -0.2612279449574833
0.30333333333333334 -0.2595880632324621
0.305 -0.25795871007312404
0.3066666666666667 -0.25633952361589607
0.30833333333333335 -0.25473012959901825
0.31 -0.2531301430462077
0.3116666666666667 -0.2515391698827129
0.31333333333333335 -0.24995680848148266
0.315 -0.2483826511400076
0.3166666666666667 -0.24681628548618223
0.31833333333333336 -0.24525729581426167
0.32 -0.24370526434987483
0.3216666666666667 -0.24215977244556222
0.32333333333333336 -0.2406204017062935
0.325 -0.2390867350468636
0.32666666666666666 -0.23755835768101782
0.32833333333333337 -0.23603485804454674
0.33 -0.2345158286525426
0.33166666666666667 -0.23300086689332755
0.33333333333333337 -0.2314895757595291
0.335 -0.22998156451908786
0.33666666666666667 -0.22847644932682337
0.3383333333333334 -0.2269738537796268
0.34 -0.2254734094159207
0.3416666666666667 -0.2239747561626509
0.3433333333333334 -0.2224775427306458
0.34500000000000003 -0.22098142696159734
0.3466666666666667 -0.21948607612759444
0.34833333333333333 -0.21799116718653275
0.35000000000000003 -0.21649638699428464
0.3516666666666667 -0.21500143247709066
0.35333333333333333 -0.21350601076502143
0.35500000000000004 -0.212009839289772
0.3566666666666667 -0.21051264584782783
0.35833333333333334 -0.20901416863217878
0.36000000000000004 -0.20751415623348582
0.3616666666666667 -0.20601236761380545
0.36333333333333334 -0.20450857205375098
0.36500000000000005 -0.20300254907613285
0.3666666666666667 -0.20149408834675397
0.36833333333333335 -0.19998298955538016
0.37000000000000005 -0.19846906227747912
0.3716666666666667 -0.1969521258195501
0.37333333333333335 -0.1954320090485249
0.375 -0.19390855020800163
0.3766666666666667 -0.19238159672172328
0.37833333333333335 -0.19085100498669302
0.38 -0.1893166401564343
0.3816666666666667 -0.18777837591664898
0.38333333333333336 -0.18623609425348797
0.385 -0.18468968521673246
0.3866666666666667 -0.18313904667784134
0.38833333333333336 -0.18158408408509355
0.39 -0.18002471021573885
0.3916666666666667 -0.17846084492703945
0.39333333333333337 -0.17689241490616922
0.395 -0.17531935342073524
0.39666666666666667 -0.173741600069666
0.3983333333333334 -0.1721591005361676
0.4 -0.1705718063424205
0.40166666666666667 -0.1689796746075341
0.4033333333333334 -0.16738266780835295
0.405 -0.1657807535446006
0.4066666666666667 -0.164173904307762
0.4083333333333334 -0.16256209725509882
0.41000000000000003 -0.1609453139881912
0.4116666666666667 -0.15932354033723772
0.4133333333333334 -0.15769676615048353
0.41500000000000004 -0.15606498508988279
0.4166666666666667 -0.15442819443225772
0.41833333333333333 -0.15278639487713722
0.42000000000000004 -0.1511395903603264
0.4216666666666667 -0.14948778787436764
0.42333333333333334 -0.14783099729490867
0.42500000000000004 -0.14616923121410028
0.4266666666666667 -0.1445025047799242
0.42833333333333334 -0.14283083554254827
0.43000000000000005 -0.14115424330661236
0.4316666666666667 -0.1394727499904792
0.43333333333333335 -0.1377863794912836
0.43500000000000005 -0.1360951575568075
0.4366666666666667 -0.13439911166300453
0.43833333333333335 -0.13269827089807046
0.44 -0.13099266585203187
0.4416666666666667 -0.1292823285126083
0.44333333333333336 -0.127567292166268
0.445 -0.12584759130531564
0.4466666666666667 -0.12412326153985219
0.44833333333333336 -0.12239433951548097
0.45 -0.1206608628355496
0.4516666666666667 -0.11892286998874944
0.45333333333333337 -0.11718040028095734
0.455 -0.1154334937720552
0.4566666666666667 -0.11368219121671799
0.45833333333333337 -0.11192653400969929
0.46 -0.1101665641347707
0.46166666666666667 -0.10840232411786714
0.4633333333333334 -0.10663385698344227
0.465 -0.10486120621469155
0.4666666666666667 -0.1030844157166697
0.4683333333333334 -0.10130352978289399
0.47000000000000003 -0.09951859306444738
0.4716666666666667 -0.0977296505423262
0.4733333333333334 -0.09593674750194912
0.47500000000000003 -0.09413992951044854
0.4766666666666667 -0.09233924239593236
0.4783333333333334 -0.09053473222922048
0.48000000000000004 -0.08872644530708915
0.4816666666666667 -0.08691442813787063
0.48333333333333334 -0.08509872742822895
0.48500000000000004 -0.0832793900719087
0.4866666666666667 -0.08145646313950818
0.48833333333333334 -0.07962999386990373
0.49000000000000005 -0.07780002966239433
0.4916666666666667 -0.07596661807038911
0.49333333333333335 -0.07412980679548013
0.49500000000000005 -0.07228964368277072
0.4966666666666667 -0.0704461767165141
0.49833333333333335 -0.06859945401671726
0.5 -0.06674952383584275
0.5016666666666667 -0.06489643455628143
0.5033333333333334 -0.06304023468779166
0.505 -0.061180972865496085
0.5066666666666667 -0.05931869784763614
0.5083333333333334 -0.0574534585137872
0.51 -0.05558530386268444
0.5116666666666667 -0.05371428301028945
0.5133333333333334 -0.05184044518737349
0.515 -0.04996383973720962
0.5166666666666667 -0.04808451611268453
0.5183333333333333 -0.04620252387335359
0.52 -0.04431791268184336
0.5216666666666667 -0.042430732300066575
0.5233333333333333 -0.04054103258465513
0.525 -0.038648863482204865
0.5266666666666667 -0.03675427502361531
0.5283333333333333 -0.0348573173180758
0.53 -0.032958040546198795
0.5316666666666667 -0.03105649495264696
0.5333333333333333 -0.02915273083784169
0.535 -0.027246798549178247
0.5366666666666667 -0.025338748471190272
0.5383333333333333 -0.023428631015198303
0.54 -0.021516496607850922
0.5416666666666667 -0.019602395679091257
0.5433333333333333 -0.017686378649052502
0.545 -0.015768495914276093
0.5466666666666667 -0.01384879783281683
0.5483333333333333 -0.011927334708666875
0.55 -0.010004156775095634
0.5516666666666667 -0.008079314177187947
0.5533333333333333 -0.00615285695335134
0.555 -0.004224835015985936
0.5566666666666668 -0.0022952981311319554
0.5583333333333333 -0.00036429589729737377
0.56 0.001568122276885801
0.5616666666666666 0.003501907195632382
0.5633333333333334 0.005437009900181186
0.5650000000000001 0.007373381693697562
0.5666666666666667 0.009310974167269634
0.5683333333333334 0.011249739226685913
0.5700000000000001 0.013189629120220685
0.5716666666666667 0.015130596467152709
0.5733333333333334 0.017072594287339933
0.5750000000000001 0.01901557603155819
0.5766666666666667 0.02095949561265402
0.5783333333333334 0.022904307437558075
0.5800000000000001 0.024849966440095135
0.5816666666666667 0.02679642811451123
0.5833333333333334 0.028743648549822337
0.5850000000000001 0.030691584464768076
0.5866666666666667 0.03264019324348547
0.5883333333333334 0.034589432971872204
0.5900000000000001 0.03653926247445558
0.5916666666666667 0.03848964135186757
0.5933333333333334 0.04044053001883143
0.5950000000000001 0.04239188974259011
0.5966666666666667 0.04434368268177457
0.5983333333333334 0.046295871925643044
0.6000000000000001 0.048248421533518805
0.6016666666666667 0.05020129657460737
0.6033333333333334 0.05215446316788624
0.6050000000000001 0.05410788852217863
0.6066666666666667 0.05606154097617058
0.6083333333333334 0.058015390038489996
0.61 0.05996940642753913
0.6116666666666667 0.06192356211130683
0.6133333333333334 0.06387783034663978
0.615 0.06583218571839881
0.6166666666666667 0.06778660417791495
0.6183333333333334 0.06974106308102992
0.62 0.07169554122528914
0.6216666666666667 0.07365001888652917
0.6233333333333334 0.07560447785438638
0.625 0.07755890146695019
0.6266666666666667 0.07951327464409502
0.6283333333333334 0.08146758391973807
0.63 0.08342181747248248
0.6316666666666667 0.08537596515498033
0.6333333333333334 0.08733001852135192
0.635 0.08928397085310197
0.6366666666666667 0.09123781718273606
0.6383333333333334 0.09319155431566045
0.64 0.09514518084939867
0.6416666666666667 0.09709869719081513
0.6433333333333334 0.09905210557037875
0.645 0.10100541005406315
0.6466666666666667 0.10295861655195722
0.6483333333333334 0.10491173282424149
0.65 0.10686476848343446
0.6516666666666667 0.10881773499371737
0.6533333333333333 0.11077064566622116
0.655 0.11272351565099839
0.6566666666666667 0.11467636192455369
0.6583333333333333 0.11662920327383255
0.66 0.11858206027525252
0.6616666666666667 0.12053495526999455
0.6633333333333333 0.1224879123339251
0.665 0.12444095724334114
0.6666666666666667 0.12639411743508974
0.6683333333333333 0.12834742196219703
0.67 0.13030090144341233
0.6716666666666667 0.1322545880080027
0.6733333333333333 0.13420851523411392
0.675 0.13616271808208652
0.6766666666666667 0.13811723282099048
0.6783333333333333 0.14007209694987285
0.68 0.14202734911182296
0.6816666666666668 0.14398302900259108
0.6833333333333333 0.14593917727173092
0.685 0.14789583541801998
0.6866666666666668 0.14985304567722388
0.6883333333333334 0.151810850903925
0.6900000000000001 0.15376929444543266
0.6916666666666668 0.15572842000973908
0.6933333333333334 0.15768827152528156
0.6950000000000001 0.15964889299475712
0.6966666666666667 0.16161032834054562
0.6983333333333334 0.16357262124416297
0.7000000000000001 0.1655358149773623
0.7016666666666667 0.16749995222720326
0.7033333333333334 0.16946507491276816
0.7050000000000001 0.1714312239960273
0.7066666666666667 0.17339843928439275
0.7083333333333334 0.17536675922757244
0.7100000000000001 0.1773362207062298
0.7116666666666667 0.17930685881534175
0.7133333333333334 0.18127870663947346
0.7150000000000001 0.18325179502307792
0.7166666666666667 0.18522615233310116
0.7183333333333334 0.18720180421706892
0.7200000000000001 0.18917877335376493
0.7216666666666667 0.1911570791999775
0.7233333333333334 0.1931367377303783
0.7250000000000001 0.1951177611740212
0.7266666666666667 0.1971001577446185
0.7283333333333334 0.19908393136812655
0.7300000000000001 0.20106908140479463
0.7316666666666667 0.20305560236935466
0.7333333333333334 0.2050434836464178
0.7350000000000001 0.20703270920501224
0.7366666666666667 0.20902325730915608
0.7383333333333334 0.21101510022862613
0.7400000000000001 0.21300820394659645
0.7416666666666667 0.21500252786878674
0.7433333333333334 0.21699802453042896
0.745 0.21899463930590957
0.7466666666666667 0.2209923101174771
0.7483333333333334 0.22299096714787267
0.75 0.22499053255322332
0.7516666666666667 0.22699092018123795
0.7533333333333334 0.22899203529096024
0.755 0.23099377427927723
0.7566666666666667 0.23299602441030365
0.7583333333333334 0.23499866355303775
0.76 0.23700155992326216
0.7616666666666667 0.23900457183525226
0.7633333333333334 0.2410075474591913
0.765 0.2430103245899583
0.7666666666666667 0.245012730422983
0.7683333333333334 0.24701458134317694
0.77 0.24901568272225266
0.7716666666666667 0.25101582873080164
0.7733333333333334 0.2530148021601199
0.775 0.2550123742603403
0.7766666666666667 0.25700830458974644
0.7783333333333334 0.25900234088187585
0.78 0.2609942189251084
0.7816666666666667 0.26298366246150745
0.7833333333333334 0.264970383099416
0.785 0.26695408024665057
0.7866666666666667 0.26893444105859354
0.7883333333333333 0.270911140408164
0.79 0.27288384087166123
0.7916666666666667 0.27485219273770645
0.7933333333333333 0.2768158340328763
0.795 0.2787743905714636
0.7966666666666667 0.28072747602271003
0.7983333333333333 0.282674692002958
0.8 0.28461562818591146
0.8016666666666667 0.28654986243855285
0.8033333333333333 0.28847696097549697
0.805 0.29039647853964784
0.8066666666666668 0.2923079586016723
0.8083333333333333 0.29421093358611006
0.81 0.29610492511653824
0.8116666666666668 0.2979894442878314
0.8133333333333334 0.29986399195758834
0.8150000000000001 0.3017280590651829
0.8166666666666668 0.3035811269700961
0.8183333333333334 0.3054226678185577
0.8200000000000001 0.3072521449299755
0.8216666666666668 0.30906901321255514
0.8233333333333334 0.31087271959976714
0.8250000000000001 0.3126627035175892
0.8266666666666668 0.314438397374363
0.8283333333333334 0.3161992270841473
0.8300000000000001 0.31794461261583135
0.8316666666666667 0.3196739685801433
0.8333333333333334 0.3213867048474707
0.8350000000000001 0.32308222721049057
0.8366666666666667 0.32475993808572673
0.8383333333333334 0.32641923727027305
0.8400000000000001 0.3280595227498903
0.8416666666666667 0.3296801915776258
0.8433333333333334 0.3312806408221554
0.8450000000000001 0.3328602686090298
0.8466666666666667 0.33441847525806473
0.8483333333333334 0.33595466454548256
0.8500000000000001 0.33746824509950335
0.8516666666666667 0.3389586319650548
0.8533333333333334 0.3404252483537207
0.8550000000000001 0.34186752762351325
0.8566666666666667 0.3432849155142077
0.8583333333333334 0.34467687269424385
0.8600000000000001 0.3460428776570626
0.8616666666666667 0.3473824300369894
0.8633333333333334 0.34869505439753856
0.8650000000000001 0.3499803045794277
0.8666666666666667 0.3512377686791216
0.8683333333333334 0.35246707476545397
0.8700000000000001 0.353667897426038
0.8716666666666667 0.3548399652742179
0.8733333333333334 0.3559830695317927
0.8750000000000001 0.357097073843242
0.8766666666666667 0.35818192546216304
0.8783333333333334 0.3592376679916823
0.88 0.3602644558448353
0.8816666666666667 0.3612625706315268
0.8833333333333334 0.3622324396612055
0.885 0.3631746567884759
0.8866666666666667 0.36409000580808737
0.8883333333333334 0.36497948663918994
0.89 0.36584434451202047
0.8916666666666667 0.36668610239663435
0.8933333333333334 0.36750659687737414
0.895 0.3683080176931387
0.8966666666666667 0.3690929511152718
0.8983333333333334 0.3698644273371363
0.9 0.3706259719855546
0.9016666666666667 0.3713816618485249
0.9033333333333334 0.372136184830652
0.905 0.3728949041101405
0.9066666666666667 0.3736639263659615
0.9083333333333334 0.3744501738815321
0.91 0.3752614602012605
0.9116666666666667 0.3761065689272312
0.9133333333333334 0.3769953350879837
0.915 0.3779387283946975
0.9166666666666667 0.3789489375207525
0.9183333333333334 0.38003945439806086
0.92 0.38122515732355117
0.9216666666666667 0.3825223915054961
0.9233333333333333 0.3839490454646025
0.925 0.38552462152819483
0.9266666666666667 0.3872702984358699
0.9283333333333333 0.3892089838966599
0.93 0.3913653547261732
0.9316666666666668 0.3937658820277343
0.9333333333333333 0.3964388386959075
0.935 0.3994142863895664
0.9366666666666668 0.4027240389848682
0.9383333333333334 0.40640159944435783
0.9400000000000001 0.4104820669778658
0.9416666666666668 0.415002011383481
0.9433333333333334 0.41999931150413444
0.9450000000000001 0.4255129548697783
0.9466666666666668 0.4315827957872971
0.9483333333333334 0.4382492694344746
0.9500000000000001 0.4455530598927535
0.9516666666666668 0.4535347205479567
0.9533333333333334 0.4622342458942841
0.9550000000000001 0.47169059450958123
0.9566666666666668 0.4819411638420538
0.9583333333333334 0.4930212184490152
0.9600000000000001 0.5049632744925776
0.9616666666666668 0.5177964445801285
0.9633333333333334 0.5315457485014058
0.9650000000000001 0.5462313969711531
0.9666666666666667 0.5618680572371492
0.9683333333333334 0.5784641112137394
0.9700000000000001 0.5960209188085359
0.9716666666666667 0.6145321011134673
0.9733333333333334 0.6339828603666271
0.9750000000000001 0.6543493557717914
0.9766666666666667 0.6755981567257289
0.9783333333333334 0.6976857973716877
0.9800000000000001 0.7205584591284881
0.9816666666666667 0.7441518104368506
0.9833333333333334 0.7683910359841313
0.9850000000000001 0.793191090422725
0.9866666666666667 0.818457214698029
0.9883333333333334 0.844085755534754
0.9900000000000001 0.869965330919385
0.9916666666666667 0.8959783850280639
0.9933333333333334 0.9220031752185648
0.9950000000000001 0.9479162291583464
0.9966666666666667 0.9735953016805032
0.9983333333333334 1.0
