0.0 0.0
0.005 0.018843896024001838
0.01 0.03622568747153961
0.015 0.05218703841370776
0.02 0.06680091413467344
0.025 0.08014022458923892
0.03 0.0922801156700965
0.035 0.1032995546459381
0.04 0.11328187178351844
0.045 0.12231460300591698
0.05 0.13048884610511838
0.055 0.13789828232006832
0.06 0.1446380172453696
0.065 0.15080332420753856
0.07 0.15648839506126114
0.075 0.16178512968423978
0.08 0.16678202964334016
0.085 0.1715631854082849
0.09 0.1762073980264093
0.095 0.1807873982536504
0.1 0.18536919614207406
0.105 0.1900115110239777
0.11 0.19476532004473968
0.115 0.1996734701724311
0.12 0.20477040479531783
0.125 0.21008194684355397
0.13 0.215625205259414
0.135 0.22140854067261148
0.14 0.22743167210683604
0.145 0.23368584829360206
0.15 0.2401541785507458
0.155 0.24681202755862466
0.16 0.25362758134355795
0.165 0.2605624637446482
0.17 0.26757252476774057
0.17500000000000002 0.2746086511897244
0.18 0.2816177393094346
0.185 0.28854364891755147
0.19 0.29532830291504447
0.195 0.30191271819001686
0.2 0.3082381629934313
0.20500000000000002 0.31424718988334094
0.21 0.31988477595358633
0.215 0.325099278733362
0.22 0.32984348115823325
0.225 0.33407538897257255
0.23 0.33775910121142416
0.23500000000000001 0.3408653687595507
0.24 0.34337221539442664
0.245 0.3452651863054947
0.25 0.3465376594121852
0.255 0.3471907342699044
0.26 0.3472332013819483
0.265 0.34668105683525674
0.27 0.34555713698730134
0.275 0.34389028815390005
0.28 0.3417147189350029
0.28500000000000003 0.33906889916003424
0.29 0.3359947231184239
0.295 0.33253624837068424
0.3 0.3287387914418642
0.305 0.3246476372684668
0.31 0.3203071984119094
0.315 0.3157598256616659
0.32 0.31104515054162435
0.325 0.3061991070949985
0.33 0.3012535476531045
0.335 0.29623554926412093
0.34 0.291167350132961
0.34500000000000003 0.28606596861536737
0.35000000000000003 0.28094346033058465
0.355 0.27580683158034325
0.36 0.2706585733022084
0.365 0.265496812281317
0.37 0.2603160450924098
0.375 0.25510744567147636
0.38 0.2498597048443849
0.385 0.2445594046860824
0.39 0.23919186839439913
0.395 0.23374151977404659
0.4 0.22819266189359902
0.405 0.22252976022374218
0.41000000000000003 0.2167380919181218
0.41500000000000004 0.21080391788141753
0.42 0.20471497164651953
0.425 0.19846051282748
0.43 0.19203164980029663
0.435 0.18542128955754336
0.44 0.17862430770366738
0.445 0.17163742463592632
0.45 0.1644592478858757
0.455 0.15709011101672607
0.46 0.14953201730987342
0.465 0.141788476862905
0.47000000000000003 0.1338643787353261
0.47500000000000003 0.12576585563601198
0.48 0.11750010627064009
0.485 0.10907530821352934
0.49 0.10050040564303139
0.495 0.09178508168430208
0.5 0.08293952074201294
0.505 0.07397444332164838
0.51 0.0649008478140103
0.515 0.05573010439241548
0.52 0.0464736787396465
0.525 0.03714327732632168
0.53 0.0277505550646719
0.535 0.01830730194849776
0.54 0.008825137541712732
0.545 -0.0006842717629581264
0.55 -0.010209526708164494
0.555 -0.019739257603829354
0.56 -0.029262439899077012
0.5650000000000001 -0.03876814546679286
0.5700000000000001 -0.04824585097225081
0.5750000000000001 -0.05768518571688879
0.58 -0.06707622260548804
0.585 -0.07640922884874839
0.59 -0.08567492884027518
0.595 -0.09486426295893065
0.6 -0.10396861228799319
0.605 -0.11297957027231409
0.61 -0.12188912103819854
0.615 -0.13068942886879809
0.62 -0.13937296486031084
0.625 -0.14793232006790297
0.63 -0.15636027914227363
0.635 -0.16464966439855122
0.64 -0.17279335953260794
0.645 -0.18078419346445188
0.65 -0.1886149217278667
0.655 -0.19627816033582446
0.66 -0.20376633642986564
0.665 -0.21107168322729364
0.67 -0.21818617456919628
0.675 -0.22510159202236568
0.68 -0.2318094599032753
0.685 -0.23830119492513166
0.6900000000000001 -0.2445680593269304
0.6950000000000001 -0.25060140260051766
0.7000000000000001 -0.25639265119738913
0.705 -0.2619336517422259
0.71 -0.2672167173986269
0.715 -0.2722350835553098
0.72 -0.2769830340972559
0.725 -0.2814564842068956
0.73 -0.28565321419524947
0.735 -0.2895735983980268
0.74 -0.29322097710494766
0.745 -0.29660255094670285
0.75 -0.29972991619968864
0.755 -0.30262013164739815
0.76 -0.30529641817300807
0.765 -0.30778936713338484
0.77 -0.3101377482571708
0.775 -0.3123897521781935
0.78 -0.3146037507930792
0.785 -0.31684934589225217
0.79 -0.3192077844512387
0.795 -0.3217724306144796
0.8 -0.3246483762776589
0.805 -0.3279517984008107
0.81 -0.3318081681376845
0.8150000000000001 -0.33634985607584283
0.8200000000000001 -0.3417122968936161
0.8250000000000001 -0.3480292344421696
0.8300000000000001 -0.3554263213742059
0.835 -0.3640136353241174
0.84 -0.37387656875562825
0.845 -0.38506578411968506
0.85 -0.3975859680010406
0.855 -0.4113843143689883
0.86 -0.42633885359038853
0.865 -0.44224789776969936
0.87 -0.4588211741903048
0.875 -0.47567426875978114
0.88 -0.49232732148081454
0.885 -0.5082097046578521
0.89 -0.5226715696457048
0.895 -0.5350034458967042
0.9 -0.5444638779777528
0.905 -0.5503147733585503
0.91 -0.5518626362139275
0.915 -0.5485032169294822
0.92 -0.5397658273296073
0.925 -0.5253533218305411
0.93 -0.505173441311553
0.935 -0.4793580107425329
0.9400000000000001 -0.44826741828334726
0.9450000000000001 -0.4124794687078125
0.9500000000000001 -0.3727632021872707
0.9550000000000001 -0.3300398629604303
0.96 -0.2853342437313059
0.965 -0.23972036683369882
0.97 -0.19426555393096118
0.975 -0.14997664557228607
0.98 -0.10775142432009005
0.985 -0.06833782904442262
0.99 -0.03230265077866577
0.995 0.0
