0.0 0.0
0.005 -0.011324272108606802
0.01 -0.021854751791932504
0.015 -0.031759012055340076
0.02 -0.04117179357444168
0.025 -0.050188174409171574
0.03 -0.058895833839036495
0.035 -0.06738187841530589
0.04 -0.07573229863534707
0.045 -0.08403050129331813
0.05 -0.09235614889790869
0.055 -0.10078420805906849
0.06 -0.10938392907639793
0.065 -0.11821771412987532
0.07 -0.12733986718737236
0.075 -0.13679533407551733
0.08 -0.14661846426288117
0.085 -0.15683190161726018
0.09 -0.16744562545059338
0.095 -0.17845623683900524
0.1 -0.18984649930030437
0.105 -0.2015852077447107
0.11 -0.21362737543690774
0.115 -0.22591478292112227
0.12 -0.2383768570145755
0.125 -0.25093189309860037
0.13 -0.26348857261655345
0.135 -0.2759477647580771
0.14 -0.2882045567050532
0.145 -0.3001504846733257
0.15 -0.3116759075096904
0.155 -0.32267248113300967
0.16 -0.3330356711757352
0.165 -0.3426672467635098
0.17 -0.3514776844421486
0.17500000000000002 -0.35938841104934244
0.18 -0.3663338084399788
0.185 -0.37226290524226163
0.19 -0.3771406852129276
0.195 -0.3809489532759732
0.2 -0.3836867146175805
0.20500000000000002 -0.3853700443572094
0.21 -0.3860314447254434
0.215 -0.385718715125507
0.22 -0.38449337741015516
0.225 -0.3824287263270988
0.23 -0.3796075826260278
0.23500000000000001 -0.3761198469965124
0.24 -0.37205994762482864
0.245 -0.36752428518238944
0.25 -0.362608761527485
0.255 -0.35740648073786446
0.26 -0.35200568536824894
0.265 -0.3464879877893668
0.27 -0.3409269277021206
0.275 -0.33538688240248604
0.28 -0.3299223291262276
0.28500000000000003 -0.3245774559298183
0.29 -0.31938609480128055
0.295 -0.3143719512548897
0.3 -0.3095490876147965
0.305 -0.30492262169666223
0.31 -0.3004895911283468
0.315 -0.2962399416038343
0.32 -0.2921575905163626
0.325 -0.2882215281129224
0.33 -0.2844069147608755
0.335 -0.28068614513847706
0.34 -0.2770298485367934
0.34500000000000003 -0.2734078070854682
0.35000000000000003 -0.26978977279614835
0.355 -0.26614617636404075
0.36 -0.2624487195101956
0.365 -0.25867085337618184
0.37 -0.25478814348116896
0.375 -0.25077853073658085
0.38 -0.2466224949137853
0.385 -0.24230313409447685
0.39 -0.23780616949015373
0.395 -0.23311989045936796
0.4 -0.2282350496383046
0.405 -0.2231447221811445
0.41000000000000003 -0.21784413780328046
0.41500000000000004 -0.2123304974358889
0.42 -0.20660278098668322
0.425 -0.20066155522114598
0.43 -0.1945087857608147
0.435 -0.18814765940243391
0.44 -0.18158241843996392
0.445 -0.1748182107454002
0.45 -0.16786095543062612
0.455 -0.16071722593775203
0.46 -0.1533941490701141
0.465 -0.1458993204678834
0.47000000000000003 -0.13824073425192962
0.47500000000000003 -0.13042672649683074
0.48 -0.1224659298991348
0.485 -0.11436723885230175
0.49 -0.10613978225765748
0.495 -0.09779290311489632
0.5 -0.08933614240025001
0.505 -0.08077922629182778
0.51 -0.07213205455666236
0.515 -0.06340468928191706
0.52 -0.05460734213548084
0.525 -0.04575035951427281
0.53 -0.03684420416004973
0.535 -0.02789943280040361
0.54 -0.01892666879629256
0.545 -0.009936569569219436
0.55 -0.0009397882010763803
0.555 0.008053070776812268
0.56 0.0170315015729318
0.5650000000000001 0.02598515299205838
0.5700000000000001 0.03490388963382636
0.5750000000000001 0.04377785775755711
0.58 0.0525975549234142
0.585 0.061353902293321216
0.59 0.07003831807232844
0.595 0.07864279048160806
0.6 0.08715994809452703
0.605 0.0955831254513302
0.61 0.10390642120403928
0.615 0.11212474636354393
0.62 0.12023385951975847
0.625 0.12823038654386903
0.63 0.13611182161538957
0.635 0.143876507454745
0.64 0.15152359206820543
0.645 0.15905296081333337
0.65 0.16646514212790522
0.655 0.1737611872523458
0.66 0.1809425238756554
0.665 0.18801078606723484
0.67 0.19496762240567012
0.675 0.201814486987551
0.68 0.20855241730754273
0.685 0.2151818059539917
0.6900000000000001 0.22170217189029973
0.6950000000000001 0.22811194004478025
0.7000000000000001 0.23440823602202576
0.705 0.24058670553769154
0.71 0.246641365316177
0.715 0.2525644947232124
0.72 0.2583465734534788
0.725 0.26397627289085696
0.73 0.2694405036939344
0.735 0.2747245243800234
0.74 0.27981210959969527
0.745 0.2846857792297871
0.75 0.2893270825101557
0.755 0.2937169344986626
0.76 0.2978359946332807
0.765 0.30166508130918485
0.77 0.3051856085255813
0.775 0.3083800363042272
0.78 0.3112323184804123
0.785 0.3137283390606108
0.79 0.31585631996372204
0.795 0.3176071928655073
0.8 0.3189749190297473
0.805 0.3199567535909597
0.81 0.32055344120881923
0.8150000000000001 0.3207693458363969
0.8200000000000001 0.3206125070377639
0.8250000000000001 0.32009463549806066
0.8300000000000001 0.31923104992012213
0.835 0.3180405843649418
0.84 0.31654548630503954
0.845 0.31477136280985607
0.85 0.3127472278993562
0.855 0.3105057552726812
0.86 0.30808384184840304
0.865 0.3055236521961122
0.87 0.30287431447802826
0.875 0.3001945040464998
0.88 0.2975561288961674
0.885 0.29504936579173413
0.89 0.29278921073498054
0.895 0.29092366239417916
0.9 0.28964345935110775
0.905 0.28919312073572434
0.91 0.289882697789765
0.915 0.2920993339971662
0.92 0.2963172628591793
0.925 0.3031044763327981
0.93 0.31312379542954616
0.935 0.32712573923548754
0.9400000000000001 0.34593026439665037
0.9450000000000001 0.3703944726489879
0.9500000000000001 0.40136364451117484
0.9550000000000001 0.43960385558746695
0.96 0.4857158836705493
0.965 0.5400324760308525
0.97 0.6025043858565691
0.975 0.6725855250385138
0.98 0.7491358419074047
0.985 0.8303756396412937
0.99 0.9139476193140205
0.995 1.0
