0.0 0.0
0.01 0.01729096864651662
0.02 0.03343610563655373
0.03 0.04845736631217191
0.04 0.0623822626275666
0.05 0.07524295336498069
0.06 0.08707539118518004
0.07 0.09791852045108432
0.08 0.1078135236963475
0.09 0.11680311711335677
0.1 0.12493089684236539
0.11 0.13224073843241604
0.12 0.13877625184134576
0.13 0.14458029392866728
0.14 0.1496945397165451
0.15 0.15415911286465267
0.16 0.15801227491300784
0.17 0.16129017196049186
0.18 0.16402663661591865
0.19 0.16625304231915833
0.2 0.16799820650612504
0.21 0.1692883385978465
0.22 0.1701470284367509
0.23 0.17059527057263646
0.24 0.17065151971109735
0.25 0.17033177266890276
0.26 0.16964967232134787
0.27 0.16861662926103965
0.28 0.167241957199816
0.29 0.16553301851884195
0.3 0.16349537678975778
0.31 0.16113295353622858
0.32 0.15844818696561458
0.33 0.15544219086152666
0.34 0.15211491227839372
0.35000000000000003 0.1484652871093007
0.36 0.1444913930008457
0.37 0.1401905994581091
0.38 0.13555971531542782
0.39 0.13059513404268913
0.4 0.12529297761194097
0.41000000000000003 0.11964923986619136
0.42 0.11365993051322425
0.43 0.10732122101463144
0.44 0.10062959375685386
0.45 0.09358199597963021
0.46 0.08617600000007866
0.47000000000000003 0.0784099713091992
0.48 0.07028324613191475
0.49 0.06179632003037937
0.5 0.05295104908939561
0.51 0.04375086514620275
0.52 0.03420100640532691
0.53 0.02430876460017714
0.54 0.01408374961043251
0.55 0.003538172098156737
0.56 -0.00731285573757987
0.5700000000000001 -0.018451001795036767
0.58 -0.029854379381612377
0.59 -0.041497198477775374
0.6 -0.05334940645000532
0.61 -0.06537632319599618
0.62 -0.07753827747735186
0.63 -0.0897902532627182
0.64 -0.10208155726079146
0.65 -0.11435552143673401
0.66 -0.12654925711415307
0.67 -0.13859348016481524
0.68 -0.15041242962874915
0.6900000000000001 -0.1619239046836012
0.7000000000000001 -0.17303944693281165
0.71 -0.1836646961916096
0.72 -0.19369994795745754
0.73 -0.20304093917036165
0.74 -0.2115798853140217
0.75 -0.21920678603957525
0.76 -0.2258110080611098
0.77 -0.23128314297766467
0.78 -0.23551712403045394
0.79 -0.23841256997789032
0.8 -0.239877306933984
0.81 -0.23983000114527372
0.8200000000000001 -0.23820281853817418
0.8300000000000001 -0.2349440119288327
0.84 -0.23002032563225616
0.85 -0.22341910137254412
0.86 -0.21514997019672308
0.87 -0.20524602344347193
0.88 -0.19376437206183333
0.89 -0.1807860273780619
0.9 -0.1664150667057974
0.91 -0.15077708223208391
0.92 -0.13401694908151632
0.93 -0.11629598572031137
0.9400000000000001 -0.0977886142149968
0.9500000000000001 -0.07867865686404547
0.96 -0.059155427477136126
0.97 -0.039409788962895737
0.98 -0.01963035368823531
0.99 0.0
