0.0 0.0
0.01 -0.007006712184609335
0.02 -0.013706988947226568
0.03 -0.020133289769219454
0.04 -0.026315524934400796
0.05 -0.032281269847316885
0.06 -0.03805595136393625
0.07 -0.04366300829433994
0.08 -0.04912402802695945
0.09 -0.054458861038610355
0.1 -0.0596857148963051
0.11 -0.06482122922670402
0.12 -0.06988053302716174
0.13 -0.07487728561827893
0.14 -0.07982370249095927
0.15 -0.0847305672801989
0.16 -0.08960723110205498
0.17 -0.09446160051809428
0.18 -0.09930011544154117
0.19 -0.10412771836948269
0.2 -0.10894781641365613
0.21 -0.11376223770596519
0.22 -0.1185711838708311
0.23 -0.12337318038115994
0.24 -0.1281650267438119
0.25 -0.13294174858902658
0.26 -0.1376965538606611
0.27 -0.14242079541395058
0.28 -0.1471039424177727
0.29 -0.15173356302148422
0.3 -0.15629532077418118
0.31 -0.16077298726835437
0.32 -0.1651484734119316
0.33 -0.16940188160445313
0.34 -0.17351158089703464
0.35000000000000003 -0.1774543069453557
0.36 -0.1812052882150865
0.37 -0.18473839946697052
0.38 -0.1880263430336556
0.39 -0.19104085780483082
0.4 -0.19375295516719226
0.41000000000000003 -0.19613318041093358
0.42 -0.19815189732856345
0.43 -0.19977959291255884
0.44 -0.20098719822720815
0.45 -0.2017464207117706
0.46 -0.2020300823941467
0.47000000000000003 -0.2018124577853949
0.48 -0.2010696046145205
0.49 -0.1997796800772699
0.5 -0.19792323493599165
0.51 -0.1954834776384912
0.52 -0.19244650063326643
0.53 -0.18880146124863884
0.54 -0.18454070986553592
0.55 -0.17965985862792874
0.56 -0.17415778456921166
0.5700000000000001 -0.16803656174362405
0.58 -0.16130131768557218
0.59 -0.15396001021495243
0.6 -0.14602312119746913
0.61 -0.13750326428970025
0.62 -0.12841470388928244
0.63 -0.11877278242373016
0.64 -0.10859325272056866
0.65 -0.09789151151062538
0.66 -0.08668172917098808
0.67 -0.07497586971415163
0.68 -0.06278259394355126
0.6900000000000001 -0.050106037875625925
0.7000000000000001 -0.036944458327670376
0.71 -0.023288738457838982
0.72 -0.009120748615841166
0.73 0.005588437148997778
0.74 0.020880460312940215
0.75 0.03681171172890944
0.76 0.053455441252501144
0.77 0.07090388033436185
0.78 0.08927028381071687
0.79 0.1086907587518138
0.8 0.12932570267071883
0.81 0.15136062183797877
0.8200000000000001 0.1750060454047076
0.8300000000000001 0.20049619673698632
0.84 0.22808603610999267
0.85 0.25804625732848957
0.86 0.2906558159387866
0.87 0.326191601607101
0.88 0.3649149565319596
0.89 0.40705490023689855
0.9 0.45278816200568617
0.91 0.5022164549648924
0.92 0.5553418532809777
0.93 0.6120416499976293
0.9400000000000001 0.6720446609027536
0.9500000000000001 0.7349115723860247
0.96 0.8000225750133786
0.97 0.8665761486644389
0.98 0.933603456913828
0.99 1.0
