0.0 0.0 0.0
0.004 0.04156309096885538 0.039995918783797546
0.008 0.08219720017789219 0.07917559432710944
0.012 0.1218892021239519 0.11753902662993566
0.016 0.16063213487305475 0.1550862156922762
0.02 0.19842409073490866 0.19181716151413108
0.024 0.23526718112201517 0.22773186409550034
0.028 0.27116659905379303 0.26283032343638413
0.032 0.3061297915737785 0.2971125395367818
0.036000000000000004 0.34016574620610696 0.3305785123966943
0.04 0.37328438981964096 0.3632282420161206
0.044 0.40549609432381034 0.39506172839506176
0.048 0.4368112810384153 0.42607897153351704
0.052000000000000005 0.4672401140178582 0.4562799714314865
0.056 0.49679227181313196 0.48566472808897043
0.06 0.5254767869314094 0.5142332415059687
0.064 0.5533019424579955 0.5419855116824814
0.068 0.5802752158248545 0.5689215386185082
0.07200000000000001 0.606403260452563 0.5950413223140495
0.076 0.6316919168825478 0.620344862769105
0.08 0.6561462459910818 0.644832159983675
0.084 0.6797705778835528 0.6685032139577595
0.088 0.7025685710646088 0.6913580246913579
0.092 0.7245432774336221 0.7133965921844709
0.096 0.74569720954083 0.7346189164370981
0.1 0.7660324073404926 0.7550249974492398
0.10400000000000001 0.7855505023834515 0.7746148352208957
0.108 0.8042527779984838 0.793388429752066
0.112 0.8221402245206724 0.8113457810427508
0.116 0.839213589039994 0.8284868890929498
0.12 0.85547341947201 0.8448117539026628
0.124 0.8709201030036814 0.8603203754718904
0.128 0.8855538991510723 0.8750127538006325
0.132 0.899374967792344 0.8888888888888888
0.136 0.9123833926188194 0.9019487807366593
0.14 0.9245792004885905 0.9141924293439442
0.14400000000000002 0.9359623771795633 0.9256198347107437
0.148 0.9465328800293956 0.9362309968370573
0.152 0.9562906479249411 0.9460259157228853
0.156 0.9652356090687272 0.9550045913682276
0.16 0.9733676869089986 0.9631670237730842
0.164 0.9806868045761755 0.9705132129374553
0.168 0.9871928881246919 0.9770431588613405
0.17200000000000001 0.9928858688368453 0.9827568615447403
0.176 0.9977656848056812 0.9876543209876543
0.18 1.001832281977621 0.9917355371900826
0.184 1.0050856148030118 0.9950005101520252
0.188 1.0075256466136946 0.9974492398734822
0.192 1.0091523498212374 0.9990817263544536
0.196 1.0099657060068383 0.9998979695949392
0.2 1.009965705953933 0.9998979695949392
0.20400000000000001 1.0091523496564039 0.9990817263544536
0.20800000000000002 1.007525646318523 0.9974492398734822
0.212 1.0050856143466336 0.9950005101520252
0.216 1.001832281316458 0.9917355371900826
0.22 0.9977656838831381 0.9876543209876543
0.224 0.9928858675830036 0.9827568615447403
0.228 0.9871928864560325 0.9770431588613405
0.232 0.9806868023954337 0.9705132129374553
0.23600000000000002 0.9733676841051848 0.9631670237730844
0.24 0.9652356055174218 0.9550045913682277
0.244 0.9562906434889105 0.9460259157228853
0.248 0.9465328745596235 0.9362309968370573
0.252 0.9359623705167359 0.9256198347107438
0.256 0.9245791924651184 0.9141924293439444
0.26 0.9123833830614045 0.9019487807366593
0.264 0.899374956525131 0.8888888888888888
0.268 0.8855538859993626 0.8750127538006325
0.272 0.8709200877981934 0.8603203754718906
0.276 0.8554734020536051 0.8448117539026628
0.28 0.8392135692647987 0.8284868890929498
0.28400000000000003 0.8221402022654736 0.8113457810427508
0.28800000000000003 0.8042527531662511 0.7933884297520661
0.292 0.7855504749088186 0.7746148352208958
0.296 0.7660323771950297 0.75502499744924
0.3 0.7456971767378904 0.7346189164370983
0.304 0.7245432420325959 0.7133965921844712
0.308 0.7025685331743642 0.691358024691358
0.312 0.6797705376649105 0.6685032139577596
0.316 0.6561462036581633 0.6448321599836752
0.32 0.6316918727028745 0.6203448627691055
0.324 0.6064032147458152 0.5950413223140497
0.328 0.5802751689602588 0.5689215386185082
0.332 0.5533018948503187 0.5419855116824814
0.336 0.5254767390355872 0.5142332415059687
0.34 0.49679222411760154 0.48566472808897065
0.34400000000000003 0.4672400670366543 0.4562799714314865
0.34800000000000003 0.43681123530213506 0.4260789715335172
0.352 0.4054960503695439 0.39506172839506176
0.356 0.37328434817997674 0.3632282420161211
0.36 0.34016570739733415 0.3305785123966943
0.364 0.30612975608343557 0.2971125395367823
0.368 0.2711665673276957 0.26283032343638413
0.372 0.23526715355074376 0.2277318640955008
0.376 0.19842406763936732 0.19181716151413136
0.38 0.16063211648774176 0.15508621569227674
0.384 0.12188918857483813 0.11753902662993591
0.388 0.08219719144915491 0.07917559432710944
0.392 0.041563086849544774 0.03999591878379782
0.396 0.0 0.0
