0.0 0.0
0.0025 0.004567311444098708
0.005 0.00905917907502
0.0075 0.013475880197099133
0.01 0.017817719923148113
0.0125 0.02208503008007002
0.015 0.026278168142131405
0.0175 0.030397516189844574
0.02 0.03444347989270362
0.0225 0.038416487514144594
0.025 0.042316988937293736
0.0275 0.04614545471027954
0.03 0.04990237510990599
0.0325 0.05358825922278922
0.035 0.05720363404304372
0.0375 0.06074904358580339
0.04 0.0642250480159672
0.0425 0.06763222279156922
0.045 0.07097115782142703
0.0475 0.07424245663662006
0.05 0.0774467355755272
0.0525 0.08058462298219274
0.055 0.08365675841788033
0.0575 0.08666379188560382
0.06 0.08960638306764807
0.0625 0.09248520057598755
0.065 0.09530092121557936
0.0675 0.0980542292606136
0.07 0.10074581574368961
0.0725 0.10337637775804978
0.075 0.10594661777291392
0.0775 0.10845724296202887
0.08 0.11090896454554114
0.0825 0.11330249714531063
0.085 0.11563855815377322
0.08750000000000001 0.11791786711653175
0.09 0.12014114512871821
0.0925 0.12230911424535129
0.095 0.12442249690575136
0.0975 0.12648201537215348
0.1 0.1284883911826626
0.10250000000000001 0.13044234461862106
0.105 0.1323445941865359
0.1075 0.1341958561146258
0.11 0.13599684386411084
0.1125 0.1377482676552982
0.115 0.13945083400853944
0.11750000000000001 0.14110524530010943
0.12 0.1427121993330672
0.1225 0.14427238892310582
0.125 0.1457865014994268
0.1275 0.14725521872062514
0.13 0.1486792161056219
0.1325 0.15005916267954314
0.135 0.15139572063459591
0.1375 0.15268954500582205
0.14 0.15394128336171406
0.14250000000000002 0.1551515755095972
0.145 0.15632105321566506
0.1475 0.15745033993961025
0.15 0.15854005058371068
0.1525 0.15959079125622033
0.155 0.1606031590489746
0.1575 0.16157774182897644
0.16 0.16251511804390037
0.1625 0.16341585654124227
0.165 0.16428051640096472
0.1675 0.16510964678145404
0.17 0.1659037867785445
0.17250000000000001 0.16666346529742226
0.17500000000000002 0.16738920093715462
0.1775 0.1680815018876008
0.18 0.168740865838514
0.1825 0.1693677799004844
0.185 0.16996272053758085
0.1875 0.17052615351131287
0.19 0.1710585338356978
0.1925 0.1715603057431428
0.195 0.17203190266086557
0.1975 0.17247374719756015
0.2 0.17288625113997502
0.2025 0.1732698154591921
0.20500000000000002 0.17362483032621986
0.20750000000000002 0.17395167513665943
0.21 0.1742507185441093
0.2125 0.17452231850201594
0.215 0.1747668223136736
0.2175 0.17498456669003828
0.22 0.17517587781508154
0.2225 0.1753410714183804
0.225 0.17548045285459538
0.2275 0.1755943171896099
0.23 0.17568294929295014
0.2325 0.17574662393626803
0.23500000000000001 0.1757856058975192
0.23750000000000002 0.17580015007059097
0.24 0.1757905015800987
0.2425 0.1757568959010351
0.245 0.17569955898299847
0.2475 0.17561870737876933
0.25 0.17551454837691924
0.2525 0.17538728013818822
0.255 0.1752370918354171
0.2575 0.17506416379673914
0.26 0.17486866765180595
0.2625 0.17465076648079328
0.265 0.17441061496597823
0.2675 0.17414835954563326
0.27 0.17386413857002686
0.2725 0.17355808245934914
0.275 0.17323031386329596
0.2775 0.17288094782216062
0.28 0.17251009192923158
0.28250000000000003 0.17211784649431294
0.28500000000000003 0.17170430470816495
0.28750000000000003 0.17126955280775596
0.29 0.17081367024209848
0.2925 0.17033672983855686
0.295 0.16983879796946613
0.2975 0.1693199347189444
0.3 0.16878019404973016
0.3025 0.1682196239699565
0.305 0.16763826669972717
0.3075 0.1670361588374074
0.31 0.1664133315254865
0.3125 0.16576981061597884
0.315 0.16510561683523184
0.3175 0.1644207659480765
0.32 0.16371526892124413
0.3225 0.16298913208599677
0.325 0.1622423572999065
0.3275 0.16147494210771748
0.33 0.1606868799012799
0.3325 0.15987816007848207
0.335 0.15904876820117125
0.3375 0.15819868615202073
0.34 0.15732789229033972
0.3425 0.15643636160680943
0.34500000000000003 0.15552406587711565
0.34750000000000003 0.15459097381450365
0.35000000000000003 0.1536370512212366
0.3525 0.15266226113899553
0.355 0.15166656399816933
0.3575 0.1506499177661353
0.36 0.1496122780944801
0.3625 0.14855359846524172
0.365 0.14747383033615788
0.3675 0.14637292328501214
0.37 0.14525082515303753
0.3725 0.1441074821874929
0.375 0.14294283918343337
0.3775 0.14175683962471847
0.38 0.14054942582430408
0.3825 0.13932053906390635
0.385 0.13807011973307096
0.3875 0.13679810746770923
0.39 0.13550444128818245
0.3925 0.13418905973702083
0.395 0.13285190101626518
0.3975 0.13149290312461137
0.4 0.1301120039943784
0.4025 0.12870914162835978
0.405 0.12728425423669718
0.40750000000000003 0.12583728037378247
0.41000000000000003 0.12436815907535038
0.41250000000000003 0.1228768299957914
0.41500000000000004 0.12136323354578035
0.4175 0.11982731103035058
0.42 0.1182690047874433
0.4225 0.11668825832705446
0.425 0.11508501647109194
0.4275 0.11345922549397879
0.43 0.11181083326418664
0.4325 0.11013978938668115
0.435 0.10844604534648428
0.4375 0.10672955465338128
0.44 0.10499027298790625
0.4425 0.1032281583486806
0.445 0.10144317120123185
0.4475 0.09963527462837792
0.45 0.09780443448227326
0.4525 0.09595061953823271
0.455 0.09407380165042027
0.4575 0.0921739559095441
0.46 0.09025106080256999
0.4625 0.0883050983746944
0.465 0.08633605439353985
0.4675 0.08434391851578123
0.47000000000000003 0.08232868445623827
0.47250000000000003 0.08029035015958547
0.47500000000000003 0.07822891797475975
0.47750000000000004 0.07614439483215911
0.48 0.07403679242375864
0.4825 0.0719061273862404
0.485 0.06975242148722947
0.4875 0.06757570181472441
0.49 0.06537600096987117
0.4925 0.06315335726312658
0.495 0.060907814913937916
0.4975 0.05863942425402322
0.5 0.05634824193436466
0.5025000000000001 0.05403433113596222
0.505 0.05169776178452591
0.5075000000000001 0.04933861076908645
0.51 0.046956962164706906
0.5125 0.044552907459303175
0.515 0.0421265457847133
0.5175 0.039677984152074706
0.52 0.03720733769152902
0.5225 0.034714729896426315
0.525 0.03220029287199298
0.5275 0.02966416758859984
0.53 0.027106504139637055
0.5325 0.024527462004039734
0.535 0.021927210313570766
0.5375 0.019305928124802408
0.54 0.016663804695897143
0.5425 0.01400103976819998
0.545 0.011317843852587772
0.5475 0.008614438520659832
0.55 0.005891056700727497
0.5525 0.00314794297855798
0.555 0.0003853539028892672
0.5575 -0.002396441704371942
0.56 -0.005197162433285422
0.5625 -0.0080165139664549
0.5650000000000001 -0.010854188755096864
0.5675 -0.013709865690731706
0.5700000000000001 -0.016583209772602456
0.5725 -0.01947387177096317
0.5750000000000001 -0.022381487886368897
0.5775 -0.025305679405187673
0.58 -0.028246052351490122
0.5825 -0.031202197135555873
0.585 -0.034173688199246315
0.5875 -0.037160083658465445
0.59 -0.04016092494307559
0.5925 -0.043175736434529356
0.595 -0.046204025101588615
0.5975 -0.0492452801345121
0.6 -0.052298972578119066
0.6025 -0.055364554964164585
0.605 -0.05844146094350685
0.6075 -0.061529104918605915
0.61 -0.06462688167683095
0.6125 -0.0677341660252541
0.615 -0.07085031242749033
0.6175 -0.0739746546432575
0.62 -0.07710650537140779
0.6225 -0.08024515589711055
0.625 -0.08338987574405679
0.6275000000000001 -0.08653991233246312
0.63 -0.0896944906437918
0.6325000000000001 -0.09285281289312888
0.635 -0.09601405821015499
0.6375000000000001 -0.09917738232982085
0.64 -0.10234191729369846
0.6425 -0.10550677116324955
0.645 -0.10867102774612132
0.6475 -0.11183374633670236
0.65 -0.11499396147226248
0.6525 -0.11815068270597895
0.655 -0.12130289439822807
0.6575 -0.12444955552758898
0.66 -0.12758959952307397
0.6625 -0.13072193411901906
0.665 -0.13384544123432263
0.6675 -0.13695897687761105
0.67 -0.1400613710799652
0.6725 -0.14315142785699225
0.675 -0.14622792520190508
0.6775 -0.14928961511147498
0.68 -0.15233522364661417
0.6825 -0.1553634510294856
0.685 -0.15837297177895715
0.6875 -0.16136243488635887
0.6900000000000001 -0.16433046403340174
0.6925 -0.16727565785423112
0.6950000000000001 -0.17019659024348477
0.6975 -0.17309181071234583
0.7000000000000001 -0.17595984479447926
0.7025 -0.17879919450377987
0.705 -0.18160833884579364
0.7075 -0.18438573438471942
0.71 -0.18712981586775218
0.7125 -0.189838996908628
0.715 -0.19251167073203884
0.7175 -0.19514621098055676
0.72 -0.19774097258574203
0.7225 -0.20029429270483548
0.725 -0.20280449172452933
0.7275 -0.20526987433306323
0.73 -0.20768873066184138
0.7325 -0.2100593374976477
0.735 -0.21237995956634015
0.7375 -0.2146488508888503
0.74 -0.2168642562099847
0.7425 -0.21902441250057472
0.745 -0.2211275505331304
0.7475 -0.22317189653104144
0.75 -0.2251556738912102
0.7525000000000001 -0.22707710497963024
0.755 -0.22893441299937178
0.7575000000000001 -0.23072582393003835
0.76 -0.23244956853760368
0.7625000000000001 -0.23410388445319893
0.765 -0.2356870183192183
0.7675000000000001 -0.23719722800078297
0.77 -0.2386327848603373
0.7725 -0.23999197609282283
0.775 -0.24127310711860853
0.7775 -0.24247450403107235
0.78 -0.2435945160953425
0.7825 -0.24463151829446178
0.785 -0.24558391391892226
0.7875 -0.24645013719517778
0.79 -0.2472286559484856
0.7925 -0.24791797429501694
0.795 -0.24851663535808968
0.7975 -0.24902322400280502
0.8 -0.24943636958334417
0.8025 -0.24975474869676437
0.805 -0.24997708793694526
0.8075 -0.25010216664205853
0.81 -0.2501288196286944
0.8125 -0.2500559399056662
0.8150000000000001 -0.24988248136021848
0.8175 -0.24960746140925893
0.8200000000000001 -0.24922996360807964
0.8225 -0.2487491402089351
0.8250000000000001 -0.2481642146616998
0.8275 -0.24747448404888953
0.8300000000000001 -0.2466793214471436
0.8325 -0.2457781782073964
0.835 -0.2447705861459269
0.8375 -0.24365615963858503
0.84 -0.24243459761052358
0.8425 -0.24110568541402555
0.845 -0.23966929658703137
0.8475 -0.23812539448528358
0.85 -0.23647403378120144
0.8525 -0.23471536182288363
0.855 -0.23284961984694316
0.8575 -0.23087714403918722
0.86 -0.22879836643757673
0.8625 -0.2266138156722861
0.865 -0.22432411753808812
0.8675 -0.22192999539481212
0.87 -0.21943227039204585
0.8725 -0.2168318615148144
0.875 -0.21412978544750103
0.8775000000000001 -0.21132715625381876
0.88 -0.2084251848712275
0.8825000000000001 -0.20542517841877037
0.885 -0.20232853931796285
0.8875000000000001 -0.19913676422688098
0.89 -0.19585144278834146
0.8925000000000001 -0.19247425619360686
0.895 -0.18900697556371274
0.8975 -0.18545146015111622
0.9 -0.18180965536505542
0.9025 -0.1780835906244933
0.905 -0.17427537704331536
0.9075 -0.1703872049528334
0.91 -0.16642134126738148
0.9125 -0.1623801266992551
0.915 -0.15826597282982588
0.9175 -0.15408135904413028
0.92 -0.14982882933677055
0.9225 -0.1455109889973629
0.925 -0.14113050118420425
0.9275 -0.13669008339526068
0.93 -0.13219250384590953
0.9325 -0.12764057776316018
0.935 -0.12303716360641409
0.9375 -0.11838515922507657
0.9400000000000001 -0.11368749796350204
0.9425 -0.10894714472399034
0.9450000000000001 -0.10416709199865018
0.9475 -0.09935035588106275
0.9500000000000001 -0.09449997206878313
0.9525 -0.08961899186769699
0.9550000000000001 -0.08471047820929692
0.9575 -0.07977750169186791
0.96 -0.07482313665657526
0.9625 -0.06985045730928673
0.965 -0.06486253389888864
0.9675 -0.059862428962662924
0.97 -0.054853193649159
0.9725 -0.04983786412881262
0.975 -0.044819458102265314
0.9775 -0.0398009714162192
0.98 -0.034785374796265416
0.9825 -0.029775610705987134
0.985 -0.02477459034128698
0.9875 -0.01978519076855025
0.99 -0.014810252215021698
0.9925 -0.009852575519395076
0.995 -0.004914919750299327
0.9975 0.0
