0.0 0.0
0.0025 -0.0018665943527993699
0.005 -0.0037115531933377553
0.0075 -0.00553539204748414
0.01 -0.007338631342932882
0.0125 -0.0091217941862
0.015 -0.010885404249837036
0.0175 -0.01262998382354068
0.02 -0.014356052063686066
0.0225 -0.016064123460203743
0.025 -0.017754706527327985
0.0275 -0.019428302715066025
0.03 -0.021085405531145865
0.0325 -0.022726499858191827
0.035 -0.024352061447570586
0.0375 -0.025962556569580336
0.04 -0.02755844179900705
0.0425 -0.0291401639152663
0.045 -0.030708159897293787
0.0475 -0.03226285699472986
0.05 -0.033804672858579056
0.0525 -0.035334015716414285
0.055 -0.03685128457914038
0.0575 -0.03835686946817465
0.06 -0.03985115165380685
0.0625 -0.04133450389714336
0.065 -0.042807290689611976
0.0675 -0.04426986848541265
0.07 -0.04572258592347539
0.0725 -0.0471657840365306
0.075 -0.048599796445784854
0.0775 -0.05002494954034534
0.08 -0.05144156264120396
0.0825 -0.05284994814992907
0.085 -0.0542504116826048
0.08750000000000001 -0.05564325218976859
0.09 -0.0570287620632372
0.0925 -0.05840722723085788
0.095 -0.05977892724016112
0.0975 -0.06114413533196067
0.1 -0.06250311850489661
0.10250000000000001 -0.06385613757180712
0.105 -0.0652034472087964
0.1075 -0.06654529599780386
0.11 -0.06788192646326835
0.1125 -0.06921357510355991
0.115 -0.07054047241764795
0.11750000000000001 -0.07186284292748239
0.12 -0.07318090519640204
0.1225 -0.07449487184389164
0.125 -0.07580494955698056
0.1275 -0.07711133909840891
0.13 -0.0784142353117695
0.1325 -0.07971382712376456
0.135 -0.0810102975436242
0.1375 -0.08230382365983897
0.14 -0.0835945766342485
0.14250000000000002 -0.08488272169349818
0.145 -0.08616841811800323
0.1475 -0.08745181922841044
0.15 -0.0887330723695988
0.1525 -0.09001231889233295
0.155 -0.0912896941325221
0.1575 -0.09256532738823846
0.16 -0.09383934189448234
0.1625 -0.09511185479578571
0.165 -0.09638297711676154
0.1675 -0.09765281373057123
0.17 -0.09892146332549329
0.17250000000000001 -0.10018901836965792
0.17500000000000002 -0.10145556507397512
0.1775 -0.10272118335341388
0.18 -0.1039859467867079
0.1825 -0.10524992257458914
0.185 -0.10651317149669132
0.1875 -0.10777574786712708
0.19 -0.10903769948900863
0.1925 -0.11029906760788451
0.195 -0.11155988686429207
0.1975 -0.1128201852455228
0.2 -0.11407998403673104
0.2025 -0.11533929777147957
0.20500000000000002 -0.11659813418190709
0.20750000000000002 -0.11785649414859754
0.21 -0.11911437165029537
0.2125 -0.12037175371362795
0.215 -0.12162862036292717
0.2175 -0.1228849445703117
0.22 -0.1241406922061942
0.2225 -0.12539582199027768
0.225 -0.126650285443289
0.2275 -0.12790402683950142
0.23 -0.12915698316024438
0.2325 -0.13040908404851798
0.23500000000000001 -0.13166025176492818
0.23750000000000002 -0.13291040114497996
0.24 -0.1341594395579929
0.2425 -0.1354072668677325
0.245 -0.13665377539491144
0.2475 -0.13789884988177054
0.25 -0.13914236745883185
0.2525 -0.14038419761402
0.255 -0.14162420216430163
0.2575 -0.14286223523001979
0.26 -0.14409814321204836
0.2625 -0.14533176477196164
0.265 -0.14656293081538854
0.2675 -0.14779146447866498
0.27 -0.1490171811189957
0.2725 -0.15023988830826304
0.275 -0.15145938583066001
0.2775 -0.1526754656842841
0.28 -0.15388791208688737
0.28250000000000003 -0.15509650148590381
0.28500000000000003 -0.15630100257293666
0.28750000000000003 -0.15750117630284932
0.29 -0.15869677591762152
0.2925 -0.15988754697513002
0.295 -0.16107322738298904
0.2975 -0.16225354743757353
0.3 -0.1634282298684475
0.3025 -0.16459698988826252
0.305 -0.16575953524826564
0.3075 -0.1669155662996304
0.31 -0.16806477606063752
0.3125 -0.16920685028987625
0.315 -0.17034146756562257
0.3175 -0.17146829937144858
0.32 -0.1725870101881871
0.3225 -0.17369725759238322
0.325 -0.17479869236129442
0.3275 -0.17589095858457957
0.33 -0.17697369378267444
0.3325 -0.17804652903204277
0.335 -0.17910908909726408
0.3375 -0.18016099257010626
0.34 -0.18120185201557418
0.3425 -0.18223127412502738
0.34500000000000003 -0.18324885987636388
0.34750000000000003 -0.18425420470130938
0.35000000000000003 -0.18524689865985738
0.3525 -0.18622652662181283
0.355 -0.18719266845549645
0.3575 -0.18814489922353633
0.36 -0.18908278938578946
0.3625 -0.19000590500929357
0.365 -0.19091380798525104
0.3675 -0.1918060562529526
0.37 -0.19268220403061917
0.3725 -0.19354180205301427
0.375 -0.19438439781578365
0.3775 -0.19520953582641984
0.38 -0.19601675786168327
0.3825 -0.1968056032313985
0.385 -0.19757560904847568
0.3875 -0.19832631050496072
0.39 -0.1990572411539825
0.3925 -0.19976793319742797
0.395 -0.20045791777908115
0.3975 -0.20112672528310968
0.4 -0.2017738856375681
0.4025 -0.202398928622797
0.405 -0.20300138418436653
0.40750000000000003 -0.2035807827503893
0.41000000000000003 -0.20413665555284863
0.41250000000000003 -0.2046685349527079
0.41500000000000004 -0.20517595476850506
0.4175 -0.20565845060805213
0.42 -0.20611556020301253
0.4225 -0.20654682374593109
0.425 -0.20695178422943827
0.4275 -0.2073299877872131
0.43 -0.20768098403635912
0.4325 -0.20800432642083472
0.435 -0.2082995725555044
0.4375 -0.20856628457043327
0.44 -0.20880402945502013
0.4425 -0.20901237940153114
0.445 -0.20919091214761723
0.4475 -0.20933921131741332
0.45 -0.20945686676070047
0.4525 -0.20954347488976519
0.455 -0.20959863901346493
0.4575 -0.20962196966801577
0.46 -0.20961308494412217
0.4625 -0.20957161080987485
0.465 -0.20949718142903684
0.4675 -0.20938943947420935
0.47000000000000003 -0.20924803643438233
0.47250000000000003 -0.20907263291644873
0.47500000000000003 -0.20886289894017407
0.47750000000000004 -0.20861851422614958
0.48 -0.2083391684762645
0.4825 -0.208024561646232
0.485 -0.20767440420970562
0.4875 -0.20728841741349857
0.49 -0.20686633352350015
0.4925 -0.20640789606076554
0.495 -0.20591286002741363
0.4975 -0.20538099212182612
0.5 -0.20481207094276693
0.5025000000000001 -0.20420588718196483
0.505 -0.2035622438047708
0.5075000000000001 -0.20288095621845867
0.51 -0.2021618524278133
0.5125 -0.20140477317758784
0.515 -0.20060957208147082
0.5175 -0.19977611573721804
0.52 -0.1989042838275888
0.5225 -0.19799396920674503
0.525 -0.19704507797179235
0.5275 -0.19605752951919825
0.53 -0.19503125658571957
0.5325 -0.193966205273639
0.535 -0.19286233505995704
0.5375 -0.19171961878937926
0.54 -0.1905380426507924
0.5425 -0.18931760613704404
0.545 -0.18805832198781725
0.5475 -0.1867602161153573
0.55 -0.18542332751295154
0.5525 -0.18404770814592575
0.555 -0.18263342282503325
0.5575 -0.1811805490620938
0.56 -0.17968917690776573
0.5625 -0.17815940877128825
0.5650000000000001 -0.17659135922216487
0.5675 -0.17498515477361365
0.5700000000000001 -0.17334093364778097
0.5725 -0.1716588455225438
0.5750000000000001 -0.16993905125992936
0.5775 -0.1681817226160589
0.58 -0.16638704193251794
0.5825 -0.16455520180917366
0.585 -0.1626864047583497
0.5875 -0.16078086284033666
0.59 -0.15883879728018288
0.5925 -0.15686043806574265
0.595 -0.15484602352693205
0.5975 -0.15279579989615674
0.6 -0.15071002084985147
0.6025 -0.14858894703109818
0.605 -0.1464328455532391
0.6075 -0.14424198948447392
0.61 -0.14201665731329322
0.6125 -0.1397571323947095
0.615 -0.13746370237718716
0.6175 -0.1351366586101271
0.62 -0.13277629553183246
0.6225 -0.13038291003776134
0.625 -0.12795680082891783
0.6275000000000001 -0.1254982677402398
0.63 -0.12300761104871649
0.6325000000000001 -0.12048513076107085
0.635 -0.11793112588072892
0.6375000000000001 -0.11534589365382367
0.64 -0.11272972879391904
0.6425 -0.11008292268516237
0.645 -0.10740576256350105
0.6475 -0.10469853067560117
0.65 -0.10196150341504318
0.6525 -0.09919495043541808
0.655 -0.0963991337398152
0.6575 -0.09357430674627623
0.66 -0.09072071332866516
0.6625 -0.08783858683243109
0.665 -0.08492814906475314
0.6675 -0.08198960925842777
0.67 -0.07902316300891775
0.6725 -0.07602899118399097
0.675 -0.07300725880523756
0.6775 -0.0699581139008818
0.68 -0.06688168632921053
0.6825 -0.06377808657194092
0.685 -0.060647404496873496
0.6875 -0.05748970808918509
0.6900000000000001 -0.054305042150662154
0.6925 -0.05109342696629201
0.6950000000000001 -0.047854856937566345
0.6975 -0.04458929918189482
0.7000000000000001 -0.041296692097605996
0.7025 -0.03797694389401776
0.705 -0.03462993108612299
0.7075 -0.031255496953516385
0.71 -0.027853449963239175
0.7125 -0.024423562156356896
0.715 -0.020965567498108136
0.7175 -0.01747916019167142
0.72 -0.013963992955650885
0.7225 -0.010419675265582668
0.725 -0.006845771559879932
0.7275 -0.0032417994108691014
0.73 0.0003927723382628751
0.7325 0.004058525469578888
0.735 0.007756094318249071
0.7375 0.011486167730604109
0.74 0.015249491050548944
0.7425 0.019046868132176136
0.745 0.02287916337611155
0.7475 0.026747303786666128
0.75 0.030652281046649663
0.7525000000000001 0.03459515360610116
0.755 0.0385770487808775
0.7575000000000001 0.042599164856466795
0.76 0.04666277319199205
0.7625000000000001 0.050769220318679524
0.765 0.054919930026718904
0.7675000000000001 0.05911640543360275
0.77 0.06336023102656153
0.7725 0.06765307467101597
0.775 0.07199668957621906
0.7775 0.07639291620860765
0.78 0.08084368414259911
0.7825 0.08535101383775512
0.785 0.08991701833050302
0.7875 0.09454390482770295
0.79 0.09923397618848699
0.7925 0.10398963228001398
0.795 0.10881337119174408
0.7975 0.11370779029203903
0.8 0.11867558710991627
0.8025 0.12371956002389801
0.805 0.1288426087388591
0.8075 0.13404773453103205
0.81 0.13933804024019827
0.8125 0.144716729987358
0.8150000000000001 0.15018710859518752
0.8175 0.1557525806877643
0.8200000000000001 0.16141664944528053
0.8225 0.16718291498855944
0.8250000000000001 0.17305507236767015
0.8275 0.1790369091280847
0.8300000000000001 0.18513230242745765
0.8325 0.19134521567539445
0.835 0.19767969466849303
0.8375 0.20413986319234856
0.84 0.21072991806237787
0.8425 0.21745412357509417
0.845 0.22431680534178763
0.8475 0.2313223434767938
0.85 0.238475165113116
0.8525 0.2457797362188597
0.855 0.2532405526888937
0.8575 0.2608621306873285
0.86 0.2686489962178455
0.8625 0.276605673900586
0.865 0.2847366749363474
0.8675 0.2930464842410463
0.87 0.30153954673612143
0.8725 0.31022025278342585
0.875 0.31909292275646145
0.8775000000000001 0.3281617907435251
0.88 0.3374309873822989
0.8825000000000001 0.3469045218299372
0.885 0.3565862628774797
0.8875000000000001 0.36647991922266904
0.89 0.3765890189209969
0.8925000000000001 0.38691688804072094
0.895 0.39746662855433135
0.8975 0.4082410955057018
0.9 0.41924287349961437
0.9025 0.43047425256805055
0.905 0.4419372034759419
0.9075 0.4536333525374784
0.91 0.46556395602315315
0.9125 0.47772987424686186
0.915 0.490131545432144
0.9175 0.5027689594663256
0.92 0.5156416316616417
0.9225 0.5287485766526309
0.925 0.5420882825695784
0.9275 0.5556586856384554
0.93 0.569457145368316
0.9325 0.5834804204978832
0.935 0.5977246458834218
0.9375 0.6121853105205977
0.9400000000000001 0.6268572369031796
0.9425 0.641734561931337
0.9450000000000001 0.6568107195921307
0.9475 0.6720784256439544
0.9500000000000001 0.6875296645457296
0.9525 0.7031556788801425
0.9550000000000001 0.7189469615283198
0.9575 0.7348932508611088
0.96 0.7509835292193785
0.9625 0.767206024962951
0.965 0.7835482183744937
0.9675 0.799996851711714
0.97 0.8165379437078893
0.9725 0.833156808828325
0.975 0.8498380815980753
0.9775 0.8665657463252896
0.98 0.8833231725546593
0.9825 0.9000931565975565
0.985 0.9168579694995695
0.9875 0.9335994118233
0.99 0.9502988756444546
0.9925 0.9669374141837107
0.995 0.983495819525322
0.9975 1.0
