0.0 0.0
0.005 0.009136772803783902
0.01 0.017968336897185754
0.015 0.026497645512856004
0.02 0.03472802589280141
0.025 0.04266314876184252
0.03 0.05030699909454455
0.035 0.057663848022498757
0.04 0.0647382257603519
0.045 0.0715348954554414
0.05 0.07805882788856434
0.055 0.08431517697288125
0.06 0.09030925601463538
0.065 0.09604651471350033
0.07 0.10153251689233679
0.075 0.10677291895562159
0.08 0.11177344908363729
0.085 0.11653988717522248
0.09 0.12107804555600947
0.095 0.12539375047167015
0.1 0.1294928243870539
0.105 0.13338106911210484
0.11 0.13706424977476614
0.115 0.14054807965931107
0.12 0.14383820592640298
0.125 0.1469401962282304
0.13 0.14985952622901547
0.135 0.15260156803759273
0.14 0.15517157955519242
0.145 0.1575746947376814
0.15 0.15981591476789267
0.155 0.16190010012965803
0.16 0.1638319635717181
0.165 0.16561606394596726
0.17 0.16725680090125888
0.17500000000000002 0.16875841041065653
0.18 0.1701249611072981
0.185 0.1713603514010883
0.19 0.17246830734635268
0.195 0.17345238122815965
0.2 0.17431595083335907
0.20500000000000002 0.17506221937085825
0.21 0.1756942160043305
0.215 0.17621479695966685
0.22 0.1766266471688957
0.225 0.17693228241178824
0.23 0.1771340519164494
0.23500000000000001 0.17723414138027452
0.24 0.17723457637303608
0.245 0.17713722608465068
0.25 0.17694380738089424
0.255 0.1766558891315531
0.26 0.17627489677658753
0.265 0.17580211709737872
0.27 0.17523870316166676
0.275 0.17458567941244363
0.28 0.17384394687272764
0.28500000000000003 0.173014288440244
0.29 0.17209737424754246
0.295 0.17109376706550217
0.3 0.1700039277297011
0.305 0.16882822057149563
0.31 0.16756691883733277
0.315 0.16622021008207866
0.32 0.16478820152379386
0.325 0.16327092534956675
0.33 0.16166834396361
0.335 0.15998035517083967
0.34 0.15820679729071588
0.34500000000000003 0.15634745419786492
0.35000000000000003 0.15440206028749198
0.355 0.15237030536522905
0.36 0.15025183946223852
0.365 0.14804627757797814
0.37 0.1457532043540052
0.375 0.14337217868351296
0.38 0.14090273826230643
0.385 0.1383444040878978
0.39 0.13569668491419104
0.395 0.13295908167033457
0.4 0.13013109185265148
0.405 0.127212213899671
0.41000000000000003 0.12420195156048003
0.41500000000000004 0.12109981826760845
0.42 0.11790534152567729
0.425 0.11461806732796785
0.43 0.1112375646130897
0.435 0.10776342977459734
0.44 0.10419529123639909
0.445 0.10053281410756502
0.45 0.09677570492980812
0.455 0.09292371653177292
0.46 0.08897665300391912
0.465 0.0849343748084332
0.47000000000000003 0.08079680403829638
0.47500000000000003 0.07656392984022307
0.48 0.07223581401579095
0.485 0.06781259681554087
0.49 0.06329450294043816
0.495 0.05868184776531139
0.5 0.05397504379844991
0.505 0.049174607391636094
0.51 0.04428116571415221
0.515 0.039295464004268366
0.52 0.03421837311073425
0.525 0.029050897336371253
0.53 0.023794182594630602
0.535 0.018449524889139673
0.54 0.013018379124503737
0.545 0.007502368255359756
0.55 0.0019032927782453833
0.555 -0.0037768594309632226
0.56 -0.009535902934558688
0.5650000000000001 -0.015371444208614903
0.5700000000000001 -0.021280870783820294
0.5750000000000001 -0.027261340062554026
0.58 -0.033309767828108953
0.585 -0.03942281646690001
0.59 -0.045596882930806666
0.595 -0.05182808647304882
0.6 -0.05811225619849305
0.605 -0.06444491847709977
0.61 -0.07082128427830019
0.615 -0.07723623649334507
0.62 -0.08368431732324051
0.625 -0.09015971582085115
0.63 -0.09665625568769944
0.635 -0.1031673834384444
0.64 -0.10968615705937844
0.645 -0.11620523530077857
0.65 -0.12271686775743886
0.655 -0.12921288590583763
0.66 -0.13568469528130428
0.665 -0.14212326899281497
0.67 -0.1485191427874037
0.675 -0.15486241188948588
0.68 -0.1611427298532544
0.685 -0.1673493096773505
0.6900000000000001 -0.1734709274408081
0.6950000000000001 -0.1794959287265175
0.7000000000000001 -0.18541223810340915
0.705 -0.1912073719402796
0.71 -0.1968684548222237
0.715 -0.202382239834637
0.72 -0.20773513296918616
0.725 -0.2129132218901243
0.73 -0.21790230927813672
0.735 -0.22268795094113275
0.74 -0.2272554988478116
0.745 -0.2315901491990844
0.75 -0.23567699560520955
0.755 -0.2395010873823356
0.76 -0.24304749292126573
0.765 -0.24630136801405225
0.77 -0.24924802895096176
0.775 -0.25187303012192847
0.78 -0.2541622457741844
0.785 -0.2561019554919089
0.79 -0.25767893287619537
0.795 -0.2588805368159654
0.8 -0.259694804653863
0.805 -0.26011054646835424
0.81 -0.26011743961540157
0.8150000000000001 -0.25970612260285303
0.8200000000000001 -0.258868287309958
0.8250000000000001 -0.2575967685151805
0.8300000000000001 -0.2558856296597662
0.835 -0.2537302437543774
0.84 -0.2511273683326841
0.845 -0.2480752133706537
0.85 -0.24457350112427198
0.855 -0.24062351689217765
0.86 -0.23622814978287346
0.865 -0.23139192265903183
0.87 -0.2261210105422058
0.875 -0.2204232468894303
0.88 -0.2143081172959645
0.885 -0.20778674033425054
0.89 -0.20087183540476297
0.895 -0.19357767764697656
0.9 -0.1859200401348873
0.905 -0.17791612375782204
0.91 -0.16958447536041912
0.915 -0.16094489488204192
0.92 -0.15201833239229584
0.925 -0.14282677606287816
0.93 -0.13339313224405566
0.935 -0.12374109892427523
0.9400000000000001 -0.11389503394230054
0.9450000000000001 -0.10387981939165988
0.9500000000000001 -0.09372072370630585
0.9550000000000001 -0.083443262944425
0.96 -0.07307306279479596
0.965 -0.0626357228180954
0.97 -0.05215668440555555
0.975 -0.04166110389180924
0.98 -0.031173732199937774
0.985 -0.020718802327727832
0.99 -0.010319925908341998
0.995 0.0
