0.0 0.0
0.005 -0.003877526366601401
0.01 -0.007666285535208281
0.015 -0.011370907025026473
0.02 -0.014995774690767695
0.025 -0.01854507589526513
0.03 -0.022022834384406664
0.035 -0.02543293070513297
0.04 -0.028779113775002047
0.045 -0.03206500665661196
0.05 -0.03529410891454054
0.055 -0.038469797268353714
0.06 -0.0415953256750118
0.065 -0.04467382551073049
0.07 -0.04770830617999272
0.075 -0.050701656246929634
0.08 -0.05365664504141198
0.085 -0.056575924618223736
0.09 -0.059462031920683917
0.095 -0.06231739100451387
0.1 -0.06514431519784576
0.105 -0.067945009101989
0.11 -0.07072157036565666
0.115 -0.07347599119189546
0.12 -0.07621015955747097
0.125 -0.07892586014095439
0.13 -0.0816247749662196
0.135 -0.08430848377589724
0.14 -0.08697846415229427
0.145 -0.08963609140586981
0.15 -0.09228263825085635
0.155 -0.09491927428766878
0.16 -0.0975470653101463
0.165 -0.10016697245553767
0.17 -0.10277985121333877
0.17500000000000002 -0.10538645030945436
0.18 -0.10798741048087833
0.185 -0.11058326315692144
0.19 -0.11317442906215308
0.195 -0.11576121675751137
0.2 -0.11834382113536512
0.20500000000000002 -0.12092232188593491
0.21 -0.12349668195183862
0.215 -0.12606674598925938
0.22 -0.12863223885353262
0.225 -0.13119276412878283
0.23 -0.13374780272046377
0.23500000000000001 -0.13629671153130268
0.24 -0.13883872224042604
0.245 -0.1413729402069055
0.25 -0.1438983435181739
0.255 -0.1464137822050234
0.26 -0.1489179776440788
0.265 -0.1514095221696199
0.27 -0.1538868789156521
0.275 -0.15634838191003517
0.28 -0.1587922364411554
0.28500000000000003 -0.16121651971829806
0.29 -0.16361918184550084
0.295 -0.16599804712887353
0.3 -0.16835081573574323
0.305 -0.17067506572405836
0.31 -0.17296825545834452
0.315 -0.1752277264284148
0.32 -0.17745070648444294
0.325 -0.1796343135017418
0.33 -0.18177555948547539
0.335 -0.18387135512496566
0.34 -0.18591851480395255
0.34500000000000003 -0.18791376207200666
0.35000000000000003 -0.18985373557884733
0.355 -0.19173499547174327
0.36 -0.19355403025239817
0.365 -0.19530726408792984
0.37 -0.19699106456643842
0.375 -0.19860175088566162
0.38 -0.2001356024588676
0.385 -0.20158886791991099
0.39 -0.20295777450507782
0.395 -0.20423853778676682
0.4 -0.20542737172992767
0.405 -0.20652049903947728
0.41000000000000003 -0.20751416176294582
0.41500000000000004 -0.20840463210999582
0.42 -0.2091882234465952
0.425 -0.2098613014193735
0.43 -0.21042029516211402
0.435 -0.2108617085344421
0.44 -0.21118213133957522
0.445 -0.2113782504667012
0.45 -0.21144686090088105
0.455 -0.21138487654265986
0.46 -0.21118934077751364
0.465 -0.21085743673543808
0.47000000000000003 -0.21038649717948704
0.47500000000000003 -0.20977401396299344
0.48 -0.20901764699479902
0.485 -0.2081152326531812
0.49 -0.20706479158977747
0.495 -0.2058645358669841
0.5 -0.20451287537359458
0.505 -0.20300842346649256
0.51 -0.20135000178809112
0.515 -0.19953664421298056
0.52 -0.19756759987976144
0.525 -0.19544233526818283
0.53 -0.193160535284753
0.535 -0.19072210332444883
0.54 -0.1881271602793151
0.545 -0.1853760424693552
0.55 -0.18246929847429263
0.555 -0.17940768484916533
0.56 -0.17619216070957625
0.5650000000000001 -0.17282388117640443
0.5700000000000001 -0.1693041896720854
0.5750000000000001 -0.16563460906380884
0.58 -0.16181683165039637
0.585 -0.1578527079919723
0.59 -0.15374423458183167
0.595 -0.14949354036097545
0.6 -0.1451028720748876
0.605 -0.14057457847173038
0.61 -0.1359110933388536
0.615 -0.13111491737256498
0.62 -0.1261885988724208
0.625 -0.12113471324772909
0.63 -0.1159558413189037
0.635 -0.11065454639146884
0.64 -0.10523335007405799
0.645 -0.0996947068059012
0.65 -0.09404097705209487
0.655 -0.08827439911833242
0.66 -0.08239705952957106
0.665 -0.07641086191047393
0.67 -0.07031749429902473
0.675 -0.06411839481929447
0.68 -0.05781471563485079
0.685 -0.05140728510138276
0.6900000000000001 -0.04489656803637561
0.6950000000000001 -0.03828262402504324
0.7000000000000001 -0.03156506368678274
0.705 -0.024743002834516435
0.71 -0.017815014472576086
0.715 -0.010779078596611206
0.72 -0.0036325297835330477
0.725 0.003627997409621991
0.73 0.011006625179534593
0.735 0.018508291237364163
0.74 0.026138809432012536
0.745 0.03390493200358548
0.75 0.04181441315314849
0.755 0.04987607352235393
0.76 0.05809986506837407
0.765 0.06649693569923186
0.77 0.07507969289694041
0.775 0.08386186540591914
0.78 0.09285856189601503
0.785 0.10208632533018301
0.79 0.11156318157041277
0.795 0.1213086805508194
0.8 0.13134392812837772
0.805 0.14169160650080986
0.81 0.15237598085294402
0.8150000000000001 0.16342288967146265
0.8200000000000001 0.1748597159497264
0.8250000000000001 0.18671533630647744
0.8300000000000001 0.19902004486293806
0.835 0.21180544858189446
0.84 0.22510433067062277
0.845 0.23895047860934804
0.85 0.2533784733912028
0.855 0.26842343667333507
0.86 0.2841207327461143
0.865 0.30050562255506474
0.87 0.3176128674621258
0.875 0.3354762810368184
0.88 0.3541282279256853
0.885 0.3735990697851255
0.89 0.39391655937762
0.895 0.4151051852431668
0.9 0.43718547086023685
0.905 0.46017323391376236
0.91 0.48407881317794077
0.915 0.5089062725973982
0.92 0.5346525943903739
0.925 0.5613068753883919
0.93 0.588849543342054
0.935 0.61725161253869
0.9400000000000001 0.6464740007695972
0.9450000000000001 0.6764669324249768
0.9500000000000001 0.7071694552690989
0.9550000000000001 0.7385091012341137
0.96 0.7704017243742136
0.965 0.8027515519322325
0.97 0.8354514873187151
0.975 0.8683837066891663
0.98 0.9014205937732717
0.985 0.9344260606477716
0.99 0.96725730527653
0.995 1.0
