0.0 0.0 0.0
0.004 0.04015394993119173 0.039995918783797574
0.008 0.07948071648644414 0.07917559432710948
0.012 0.11798088276786996 0.11753902662993573
0.016 0.15565480306914098 0.15508621569227632
0.02 0.19250267325229367 0.19181716151413122
0.024 0.22852459182231527 0.22773186409550047
0.028 0.26372061093364235 0.2628303234363841
0.032 0.29809077721808963 0.297112539536782
0.036000000000000004 0.3316351628278133 0.3305785123966942
0.04 0.36435388745269487 0.36322824201612086
0.044 0.39624713231466685 0.3950617283950617
0.048 0.4273151472804501 0.426078971533517
0.052000000000000005 0.45755825228728736 0.45627997143148663
0.056 0.4869768342621668 0.4856647280889706
0.06 0.5155713406504695 0.5142332415059688
0.064 0.5433422705703773 0.5419855116824814
0.068 0.57029016448782 0.5689215386185084
0.07200000000000001 0.5964155931741515 0.5950413223140496
0.076 0.6217191465737174 0.6203448627691053
0.08 0.6462014230777244 0.6448321599836753
0.084 0.6698630195789315 0.6685032139577594
0.088 0.692704522571771 0.6913580246913581
0.092 0.7147265004664284 0.713396592184471
0.096 0.7359294972036319 0.7346189164370983
0.1 0.7563140271895615 0.7550249974492399
0.10400000000000001 0.7758805715165012 0.7746148352208959
0.108 0.7946295753937246 0.7933884297520662
0.112 0.812561446683231 0.8113457810427508
0.116 0.8296765554149866 0.8284868890929497
0.12 0.8459752341449182 0.844811753902663
0.124 0.8614577790145534 0.8603203754718907
0.128 0.8761244513727712 0.8750127538006326
0.132 0.8899754798261846 0.888888888888889
0.136 0.9030110625943983 0.9019487807366596
0.14 0.9152313700583786 0.9141924293439445
0.14400000000000002 0.9266365474039893 0.9256198347107438
0.148 0.9372267172771304 0.9362309968370576
0.152 0.9470019823816176 0.9460259157228854
0.156 0.9559624279650045 0.9550045913682277
0.16 0.9641081241508294 0.9631670237730844
0.164 0.9714391280876845 0.9705132129374555
0.168 0.9779554858959703 0.9770431588613406
0.17200000000000001 0.9836572344019058 0.9827568615447403
0.176 0.9885444026554427 0.9876543209876545
0.18 0.9926170132340113 0.9917355371900827
0.184 0.9958750833376914 0.9950005101520252
0.188 0.9983186256835691 0.9974492398734823
0.192 0.9999476492078482 0.9990817263544536
0.196 1.0007621595839833 0.9998979695949392
0.2 1.0007621595638407 0.9998979695949393
0.20400000000000001 0.9999476491469524 0.9990817263544536
0.20800000000000002 0.9983186255804958 0.9974492398734823
0.212 0.9958750831900307 0.9950005101520253
0.216 0.9926170130383238 0.9917355371900827
0.22 0.9885444024071983 0.9876543209876543
0.224 0.9836572340954144 0.9827568615447403
0.228 0.9779554855243089 0.9770431588613406
0.232 0.9714391276426328 0.9705132129374554
0.23600000000000002 0.9641081236228285 0.9631670237730844
0.24 0.9559624273431359 0.9550045913682277
0.244 0.9470019816536142 0.9460259157228853
0.248 0.9372267164294497 0.9362309968370575
0.252 0.9266365464219365 0.9256198347107437
0.256 0.9152313689263021 0.9141924293439444
0.26 0.9030110612959522 0.9019487807366595
0.264 0.8899754783446767 0.8888888888888888
0.268 0.8761244496915777 0.8750127538006326
0.272 0.8614577771176164 0.8603203754718904
0.276 0.8459752320172844 0.8448117539026629
0.28 0.8296765530434121 0.8284868890929495
0.28400000000000003 0.8125614440567885 0.8113457810427507
0.28800000000000003 0.7946295725044236 0.793388429752066
0.292 0.77588056835987 0.7746148352208957
0.296 0.7563140237651845 0.7550249974492398
0.3 0.7359294935155906 0.7346189164370981
0.304 0.7147264965236413 0.7133965921844708
0.308 0.6927045183881994 0.691358024691358
0.312 0.6698630151736404 0.6685032139577592
0.316 0.6462014184747941 0.644832159983675
0.32 0.6217191418020053 0.6203448627691049
0.324 0.5964155882669255 0.5950413223140495
0.328 0.5702901594822605 0.568921538618508
0.332 0.5433422655069949 0.5419855116824812
0.336 0.5155713355724723 0.5142332415059687
0.34 0.48697682921479174 0.48566472808897027
0.34400000000000003 0.45755824731715855 0.45627997143148646
0.34800000000000003 0.42731514243497054 0.42607897153351665
0.352 0.396247127641482 0.39506172839506154
0.356 0.3643538829992383 0.3632282420161204
0.36 0.33163515864093585 0.33057851239669395
0.364 0.29809077334373835 0.29711253953678185
0.368 0.2637206074165748 0.2628303234363837
0.372 0.2285245887057503 0.22773186409550028
0.376 0.19250267057744277 0.19181716151413078
0.38 0.15565480087445324 0.15508621569227604
0.384 0.11798088108788145 0.11753902662993562
0.388 0.07948071534998298 0.07917559432710912
0.392 0.04015394935875875 0.03999591878379739
0.396 0.0 0.0
