0.0 0.0
0.0016666666666666668 0.003059602127655203
0.0033333333333333335 0.0060855744446750406
0.005 0.009077992808225972
0.006666666666666667 0.0120369388382151
0.008333333333333333 0.014962499765941863
0.01 0.017854768285553595
0.011666666666666667 0.02071384240810844
0.013333333333333334 0.02353982531816228
0.015000000000000001 0.026332825232724143
0.016666666666666666 0.029092955262490092
0.018333333333333333 0.03182033327524886
0.02 0.03451508176133381
0.021666666666666667 0.037177327701065625
0.023333333333333334 0.03980720243405725
0.025 0.04240484153034716
0.02666666666666667 0.04497038466325793
0.028333333333333335 0.047503975483900694
0.030000000000000002 0.05000576149731158
0.03166666666666667 0.05247589394011554
0.03333333333333333 0.05491452765968393
0.035 0.057321820994751756
0.03666666666666667 0.05969793565742618
0.03833333333333334 0.062043036616585306
0.04 0.06435729198258527
0.04166666666666667 0.06664087289329806
0.043333333333333335 0.06889395340141359
0.045000000000000005 0.07111671036299168
0.04666666666666667 0.07330932332727494
0.04833333333333334 0.07547197442770667
0.05 0.07760484827414657
0.05166666666666667 0.07970813184629713
0.05333333333333334 0.08178201438829866
0.055 0.08382668730452572
0.05666666666666667 0.08584234405651693
0.058333333333333334 0.08782918006111029
0.060000000000000005 0.08978739258970922
0.06166666666666667 0.09171718066875652
0.06333333333333334 0.09361874498132114
0.065 0.09549228776988478
0.06666666666666667 0.09733801274029018
0.06833333333333334 0.09915612496684978
0.07 0.10094683079865728
0.07166666666666667 0.10271033776703933
0.07333333333333333 0.10444685449422811
0.07500000000000001 0.10615659060320705
0.07666666666666667 0.10783975662876961
0.07833333333333334 0.10949656392976775
0.08 0.11112722460256996
0.08166666666666667 0.11273195139576014
0.08333333333333334 0.11431095762604417
0.085 0.11586445709540634
0.08666666666666667 0.11739266400947479
0.08833333333333333 0.11889579289717286
0.09000000000000001 0.120374058531617
0.09166666666666667 0.12182767585225115
0.09333333333333334 0.12325685988829432
0.095 0.124661825683434
0.09666666666666668 0.12604278822181353
0.09833333333333334 0.12739996235530543
0.1 0.12873356273210082
0.10166666666666667 0.13004380372657331
0.10333333333333335 0.13133089937047118
0.10500000000000001 0.1325950632854157
0.10666666666666667 0.13383650861671867
0.10833333333333334 0.13505544796852215
0.11 0.1362520933402667
0.11166666666666668 0.1374266560644844
0.11333333333333334 0.1385793467459384
0.115 0.13971037520207968
0.11666666666666667 0.14081995040485737
0.11833333333333335 0.14190828042386783
0.12000000000000001 0.1429755723708285
0.12166666666666667 0.14402203234541572
0.12333333333333334 0.14504786538243028
0.125 0.14605327540031304
0.12666666666666668 0.14703846515099356
0.12833333333333335 0.1480036361710773
0.13 0.14894898873439258
0.13166666666666668 0.14987472180582978
0.13333333333333333 0.1507810329965585
0.135 0.15166811852054415
0.1366666666666667 0.15253617315239323
0.13833333333333334 0.15338539018654102
0.14 0.15421596139771185
0.14166666666666666 0.1550280770027297
0.14333333333333334 0.15582192562361366
0.14500000000000002 0.1565976942519634
0.14666666666666667 0.15735556821464863
0.14833333333333334 0.15809573114077777
0.15000000000000002 0.1588183649299347
0.15166666666666667 0.15952364972166955
0.15333333333333335 0.16021176386627964
0.155 0.1608828838967959
0.15666666666666668 0.1615371845022409
0.15833333333333335 0.16217483850207998
0.16 0.162796016821926
0.16166666666666668 0.16340088847040318
0.16333333333333333 0.16398962051723903
0.165 0.16456237807252033
0.16666666666666669 0.1651193242671121
0.16833333333333333 0.16566062023424524
0.17 0.16618642509222514
0.1716666666666667 0.16669689592829123
0.17333333333333334 0.16719218778356862
0.17500000000000002 0.16767245363912497
0.17666666666666667 0.16813784440311985
0.17833333333333334 0.16858850889901428
0.18000000000000002 0.16902459385483734
0.18166666666666667 0.169446243893483
0.18333333333333335 0.16985360152404927
0.18500000000000003 0.1702468071341587
0.18666666666666668 0.17062599898329212
0.18833333333333335 0.17099131319707864
0.19 0.1713428837625557
0.19166666666666668 0.17168084252435417
0.19333333333333336 0.17200531918183407
0.195 0.17231644128708745
0.19666666666666668 0.1726143342438602
0.19833333333333333 0.1728991213073344
0.2 0.17317092358477
0.2016666666666667 0.17342986003697228
0.20333333333333334 0.17367604748057297
0.20500000000000002 0.17390960059113703
0.2066666666666667 0.17413063190702985
0.20833333333333334 0.17433925183404292
0.21000000000000002 0.17453556865079026
0.21166666666666667 0.17471968851481243
0.21333333333333335 0.174891715469393
0.21500000000000002 0.17505175145108576
0.21666666666666667 0.1751998962978816
0.21833333333333335 0.1753362477580563
0.22 0.17546090149965896
0.22166666666666668 0.1755739511205985
0.22333333333333336 0.17567548815935033
0.225 0.1757656021062415
0.22666666666666668 0.17584438041530062
0.22833333333333336 0.17591190851666652
0.23 0.17596826982950123
0.2316666666666667 0.17601354577545328
0.23333333333333334 0.17604781579258758
0.23500000000000001 0.17607115734982087
0.2366666666666667 0.17608364596178944
0.23833333333333334 0.1760853552041924
0.24000000000000002 0.17607635672954305
0.24166666666666667 0.17605672028333433
0.24333333333333335 0.176026513720625
0.24500000000000002 0.17598580302297312
0.24666666666666667 0.17593465231575442
0.24833333333333335 0.17587312388581422
0.25 0.17580127819947594
0.2516666666666667 0.17571917392083974
0.25333333333333335 0.17562686793040821
0.255 0.17552441534397473
0.2566666666666667 0.17541186953181281
0.25833333333333336 0.17528928213811132
0.26 0.17515670310064216
0.26166666666666666 0.17501418067069324
0.26333333333333336 0.17486176143317375
0.265 0.1746994903269702
0.26666666666666666 0.17452741066545407
0.26833333333333337 0.17434556415720517
0.27 0.17415399092686595
0.27166666666666667 0.17395272953618066
0.2733333333333334 0.17374181700515307
0.275 0.17352128883334517
0.27666666666666667 0.17329117902130592
0.2783333333333334 0.173051520092085
0.28 0.17280234311286202
0.2816666666666667 0.17254367771665807
0.2833333333333333 0.17227555212412943
0.28500000000000003 0.1719979931654112
0.2866666666666667 0.17171102630204244
0.28833333333333333 0.17141467564891888
0.29000000000000004 0.1711089639963076
0.2916666666666667 0.17079391283186612
0.29333333333333333 0.17046954236270787
0.29500000000000004 0.1701358715374627
0.2966666666666667 0.16979291806836488
0.29833333333333334 0.16944069845332654
0.30000000000000004 0.1690792279979961
0.3016666666666667 0.16870852083782925
0.30333333333333334 0.16832858996010397
0.305 0.16793944722594864
0.3066666666666667 0.16754110339228898
0.30833333333333335 0.16713356813380056
0.31 0.16671685006478873
0.3116666666666667 0.1662909567610345
0.31333333333333335 0.16585589478156718
0.315 0.16541166969040388
0.3166666666666667 0.16495828607820687
0.31833333333333336 0.16449574758387284
0.32 0.1640240569160702
0.3216666666666667 0.163543215874677
0.32333333333333336 0.16305322537215974
0.325 0.16255408545486058
0.32666666666666666 0.16204579532420801
0.32833333333333337 0.16152835335784294
0.33 0.16100175713064843
0.33166666666666667 0.16046600343569248
0.33333333333333337 0.15992108830508503
0.335 0.15936700703074033
0.33666666666666667 0.15880375418503304
0.3383333333333334 0.15823132364137726
0.34 0.15764970859470182
0.3416666666666667 0.15705890158181673
0.3433333333333334 0.15645889450169684
0.34500000000000003 0.1558496786356799
0.3466666666666667 0.15523124466752974
0.34833333333333333 0.15460358270344784
0.35000000000000003 0.1539666822919486
0.3516666666666667 0.15332053244366586
0.35333333333333333 0.15266512165104984
0.35500000000000004 0.15200043790798967
0.3566666666666667 0.15132646872931518
0.35833333333333334 0.1506432011702238
0.36000000000000004 0.149950621845625
0.3616666666666667 0.14924871694938613
0.36333333333333334 0.14853747227348774
0.36500000000000005 0.14781687322711243
0.3666666666666667 0.14708690485563014
0.36833333333333335 0.146347551859537
0.37000000000000005 0.1455987986132721
0.3716666666666667 0.14484062918400692
0.37333333333333335 0.1440730273503198
0.375 0.14329597662086116
0.3766666666666667 0.142509460252881
0.37833333333333335 0.14171346127074305
0.38 0.14090796248438153
0.3816666666666667 0.14009294650767587
0.38333333333333336 0.1392683957767945
0.385 0.13843429256848314
0.3866666666666667 0.13759061901831401
0.38833333333333336 0.13673735713888777
0.39 0.13587448883801292
0.3916666666666667 0.13500199593683593
0.39333333333333337 0.13411986018795652
0.395 0.13322806329351708
0.39666666666666667 0.13232658692327054
0.3983333333333334 0.13141541273263688
0.4 0.13049452238074785
0.40166666666666667 0.12956389754847908
0.4033333333333334 0.12862351995651078
0.405 0.12767337138333984
0.4066666666666667 0.12671343368336443
0.4083333333333334 0.12574368880493783
0.41000000000000003 0.12476411880844411
0.4116666666666667 0.12377470588442763
0.4133333333333334 0.12277543237171681
0.41500000000000004 0.12176628077560626
0.4166666666666667 0.12074723378607402
0.41833333333333333 0.11971827429602988
0.42000000000000004 0.11867938541962848
0.4216666666666667 0.11763055051064038
0.42333333333333334 0.11657175318086672
0.42500000000000004 0.11550297731864395
0.4266666666666667 0.11442420710738671
0.42833333333333334 0.11333542704425442
0.43000000000000005 0.11223662195886504
0.4316666666666667 0.11112777703210212
0.43333333333333335 0.11000887781503511
0.43500000000000005 0.10887991024792237
0.4366666666666667 0.10774086067932373
0.43833333333333335 0.10659171588533253
0.44 0.10543246308890984
0.4416666666666667 0.10426308997936434
0.44333333333333336 0.10308358473193091
0.445 0.1018939360275198
0.4466666666666667 0.10069413307258018
0.44833333333333336 0.09948416561911466
0.45 0.09826402398485573
0.4516666666666667 0.09703369907359771
0.45333333333333337 0.09579318239568577
0.455 0.09454246608868143
0.4566666666666667 0.09328154293821192
0.45833333333333337 0.09201040639899008
0.46 0.09072905061601738
0.46166666666666667 0.08943747044600533
0.4633333333333334 0.0881356614789759
0.465 0.08682362006007609
0.4666666666666667 0.08550134331160215
0.4683333333333334 0.08416882915525926
0.47000000000000003 0.0828260763346076
0.4716666666666667 0.08147308443777605
0.4733333333333334 0.08010985392040473
0.47500000000000003 0.07873638612880322
0.4766666666666667 0.07735268332339715
0.4783333333333334 0.07595874870240735
0.48000000000000004 0.07455458642577832
0.4816666666666667 0.0731402016394007
0.48333333333333334 0.07171560049958085
0.48500000000000004 0.07028079019780559
0.4866666666666667 0.06883577898577384
0.48833333333333334 0.06738057620073723
0.49000000000000005 0.06591519229111788
0.4916666666666667 0.06443963884244222
0.49333333333333335 0.06295392860356393
0.49500000000000005 0.06145807551320139
0.4966666666666667 0.059952094726820476
0.49833333333333335 0.058436002643804316
0.5 0.05690981693495888
0.5016666666666667 0.05537355657037301
0.5033333333333334 0.05382724184759152
0.505 0.05227089442014717
0.5066666666666667 0.05070453732643223
0.5083333333333334 0.04912819501893183
0.51 0.04754189339380781
0.5116666666666667 0.045945659820850346
0.5133333333333334 0.0443395231737944
0.515 0.042723513861010615
0.5166666666666667 0.041097663856570356
0.5183333333333333 0.039462006731687975
0.52 0.03781657768656146
0.5216666666666667 0.03616141358257445
0.5233333333333333 0.034496552974909785
0.525 0.032822036145563234
0.5266666666666667 0.031137905136727487
0.5283333333333333 0.029444203784612884
0.53 0.02774097775363627
0.5316666666666667 0.026028274571043612
0.5333333333333333 0.024306143661919112
0.535 0.02257463638462778
0.5366666666666667 0.020833806066648305
0.5383333333333333 0.019083708040826576
0.54 0.01732439968204814
0.5416666666666667 0.01555594044431685
0.5433333333333333 0.013778391898261558
0.545 0.011991817769037728
0.5466666666666667 0.010196283974658667
0.5483333333333333 0.008391858664738142
0.55 0.006578612259648674
0.5516666666666667 0.004756617490071399
0.5533333333333333 0.0029259494369813727
0.555 0.0010866855720187685
0.5566666666666668 -0.0007610942017224771
0.5583333333333333 -0.0026173075085232822
0.56 -0.00448186945846978
0.5616666666666666 -0.006354692605470091
0.5633333333333334 -0.008235686904917583
0.5650000000000001 -0.010124759670973956
0.5666666666666667 -0.012021815533456624
0.5683333333333334 -0.0139267563943775
0.5700000000000001 -0.015839481384131278
0.5716666666666667 -0.017759886817324898
0.5733333333333334 -0.019687866148276594
0.5750000000000001 -0.021623309926186066
0.5766666666666667 -0.023566105749985328
0.5783333333333334 -0.02551613822288399
0.5800000000000001 -0.027473288906646062
0.5816666666666667 -0.02943743627554732
0.5833333333333334 -0.03140845567010833
0.5850000000000001 -0.03338621925056055
0.5866666666666667 -0.03537059595009377
0.5883333333333334 -0.03736145142788174
0.5900000000000001 -0.03935864802191164
0.5916666666666667 -0.04136204470166031
0.5933333333333334 -0.04337149702059618
0.5950000000000001 -0.04538685706855125
0.5966666666666667 -0.04740797342401038
0.5983333333333334 -0.04943469110629312
0.6000000000000001 -0.0514668515276767
0.6016666666666667 -0.05350429244552918
0.6033333333333334 -0.05554684791437765
0.6050000000000001 -0.05759434823807835
0.6066666666666667 -0.05964661992198149
0.6083333333333334 -0.061703485625230314
0.61 -0.06376476411318416
0.6116666666666667 -0.0658302702099825
0.6133333333333334 -0.0678998147513374
0.615 -0.06997320453754471
0.6166666666666667 -0.07205024228678156
0.6183333333333334 -0.07413072658873752
0.62 -0.07621445185858511
0.6216666666666667 -0.07830120829138566
0.6233333333333334 -0.08039078181696166
0.625 -0.08248295405522635
0.6266666666666667 -0.08457750227213195
0.6283333333333334 -0.08667419933619308
0.63 -0.0887728136756825
0.6316666666666667 -0.09087310923654125
0.6333333333333334 -0.09297484544109248
0.635 -0.09507777714756044
0.6366666666666667 -0.09718165461051387
0.6383333333333334 -0.09928622344226609
0.64 -0.10139122457529973
0.6416666666666667 -0.10349639422580496
0.6433333333333334 -0.10560146385835772
0.645 -0.10770616015187941
0.6466666666666667 -0.10981020496685524
0.6483333333333334 -0.11191331531398846
0.65 -0.11401520332429087
0.6516666666666667 -0.11611557622072281
0.6533333333333333 -0.11821413629147624
0.655 -0.1203105808649371
0.6566666666666667 -0.1224046022864578
0.6583333333333333 -0.12449588789702655
0.66 -0.12658412001387423
0.6616666666666667 -0.12866897591315252
0.6633333333333333 -0.13075012781478193
0.665 -0.13282724286952957
0.6666666666666667 -0.13489998314842422
0.6683333333333333 -0.1369680056346317
0.67 -0.13903096221784736
0.6716666666666667 -0.1410884996913478
0.6733333333333333 -0.1431402597517572
0.675 -0.14518587900169247
0.6766666666666667 -0.1472249889553274
0.6783333333333333 -0.1492572160470311
0.68 -0.15128218164315765
0.6816666666666668 -0.15329950205710793
0.6833333333333333 -0.1553087885677753
0.685 -0.15730964744147444
0.6866666666666668 -0.15930167995745698
0.6883333333333334 -0.16128448243716972
0.6900000000000001 -0.1632576462772935
0.6916666666666668 -0.16522075798674518
0.6933333333333334 -0.16717339922769694
0.6950000000000001 -0.1691151468607675
0.6966666666666667 -0.171045572994478
0.6983333333333334 -0.1729642450390801
0.7000000000000001 -0.17487072576486143
0.7016666666666667 -0.17676457336506876
0.7033333333333334 -0.17864534152351558
0.7050000000000001 -0.1805125794870168
0.7066666666666667 -0.18236583214272925
0.7083333333333334 -0.184204640100522
0.7100000000000001 -0.18602853978046305
0.7116666666666667 -0.1878370635055466
0.7133333333333334 -0.1896297395997279
0.7150000000000001 -0.19140609249137072
0.7166666666666667 -0.19316564282223883
0.7183333333333334 -0.1949079075620491
0.7200000000000001 -0.1966324001287358
0.7216666666666667 -0.19833863051447
0.7233333333333334 -0.2000261054175475
0.7250000000000001 -0.2016943283801779
0.7266666666666667 -0.2033427999322814
0.7283333333333334 -0.2049710177413336
0.7300000000000001 -0.20657847676833324
0.7316666666666667 -0.2081646694299599
0.7333333333333334 -0.20972908576691726
0.7350000000000001 -0.21127121361858367
0.7366666666666667 -0.21279053880393692
0.7383333333333334 -0.2142865453088288
0.7400000000000001 -0.21575871547961636
0.7416666666666667 -0.21720653022315675
0.7433333333333334 -0.21862946921319465
0.745 -0.22002701110313666
0.7466666666666667 -0.22139863374519406
0.7483333333333334 -0.22274381441589117
0.75 -0.22406203004792452
0.7516666666666667 -0.22535275746830394
0.7533333333333334 -0.22661547364278242
0.755 -0.2278496559264817
0.7566666666666667 -0.2290547823206727
0.7583333333333334 -0.2302303317356429
0.76 -0.2313757842595551
0.7616666666666667 -0.23249062143320426
0.7633333333333334 -0.23357432653060445
0.765 -0.2346263848452331
0.7666666666666667 -0.23564628398187248
0.7683333333333334 -0.23663351415384884
0.77 -0.23758756848558385
0.7716666666666667 -0.23850794332025113
0.7733333333333334 -0.2393941385323869
0.775 -0.24024565784528457
0.7766666666666667 -0.24106200915294537
0.7783333333333334 -0.24184270484642054
0.78 -0.24258726214430026
0.7816666666666667 -0.2432952034271091
0.7833333333333334 -0.24396605657540676
0.785 -0.2445993553112993
0.7866666666666667 -0.24519463954313012
0.7883333333333333 -0.24575145571303245
0.79 -0.2462693571471011
0.7916666666666667 -0.24674790440784433
0.7933333333333333 -0.24718666564862832
0.795 -0.24758521696978159
0.7966666666666667 -0.24794314277603205
0.7983333333333333 -0.24826003613492148
0.8 -0.24853549913585776
0.8016666666666667 -0.24876914324943092
0.8033333333333333 -0.2489605896866304
0.805 -0.24910946975755383
0.8066666666666668 -0.249215425229266
0.8083333333333333 -0.2492781086823505
0.81 -0.2492971838657831
0.8116666666666668 -0.24927232604970953
0.8133333333333334 -0.2492032223756929
0.8150000000000001 -0.24908957220402397
0.8166666666666668 -0.248931087457623
0.8183333333333334 -0.24872749296214589
0.8200000000000001 -0.2484785267818077
0.8216666666666668 -0.2481839405505141
0.8233333333333334 -0.24784349979783332
0.8250000000000001 -0.2474569842693488
0.8266666666666668 -0.24702418824095954
0.8283333333333334 -0.24654492082668386
0.8300000000000001 -0.24601900627947074
0.8316666666666667 -0.24544628428463652
0.8333333333333334 -0.24482661024539773
0.8350000000000001 -0.2441598555601213
0.8366666666666667 -0.24344590789082857
0.8383333333333334 -0.2426846714224906
0.8400000000000001 -0.24187606711271567
0.8416666666666667 -0.24102003293138685
0.8433333333333334 -0.24011652408982265
0.8450000000000001 -0.23916551325908889
0.8466666666666667 -0.23816699077699405
0.8483333333333334 -0.23712096484344064
0.8500000000000001 -0.23602746170370956
0.8516666666666667 -0.23488652581932484
0.8533333333333334 -0.23369822002614984
0.8550000000000001 -0.23246262567933026
0.8566666666666667 -0.23117984278481363
0.8583333333333334 -0.22984999011708096
0.8600000000000001 -0.22847320532281623
0.8616666666666667 -0.2270496450102201
0.8633333333333334 -0.2255794848237196
0.8650000000000001 -0.22406291950379217
0.8666666666666667 -0.22250016293171196
0.8683333333333334 -0.22089144815900866
0.8700000000000001 -0.21923702742138962
0.8716666666666667 -0.2175371721370457
0.8733333333333334 -0.21579217288913707
0.8750000000000001 -0.21400233939233698
0.8766666666666667 -0.21216800044334383
0.8783333333333334 -0.210289503855269
0.88 -0.20836721637586894
0.8816666666666667 -0.2064015235895332
0.8833333333333334 -0.20439282980307105
0.885 -0.20234155791527636
0.8866666666666667 -0.20024814927033638
0.8883333333333334 -0.19811306349508767
0.89 -0.1959367783202864
0.8916666666666667 -0.19371978938591788
0.8933333333333334 -0.1914626100307432
0.895 -0.18916577106621094
0.8966666666666667 -0.18682982053490457
0.8983333333333334 -0.18445532345375626
0.9 -0.18204286154224542
0.9016666666666667 -0.17959303293583181
0.9033333333333334 -0.1771064518848845
0.905 -0.1745837484394473
0.9066666666666667 -0.1720255681201062
0.9083333333333334 -0.16943257157534306
0.91 -0.16680543422571917
0.9116666666666667 -0.1641448458952691
0.9133333333333334 -0.16145151043052897
0.915 -0.15872614530760096
0.9166666666666667 -0.15596948122770804
0.9183333333333334 -0.15318226170168675
0.92 -0.1503652426239277
0.9216666666666667 -0.14751919183621112
0.9233333333333333 -0.1446448886819805
0.925 -0.14174312355158594
0.9266666666666667 -0.1388146974190053
0.9283333333333333 -0.13586042137060209
0.93 -0.13288111612651748
0.9316666666666668 -0.1298776115552425
0.9333333333333333 -0.12685074618194445
0.935 -0.12380136669119117
0.9366666666666668 -0.1207303274246247
0.9383333333333334 -0.11763848987423323
0.9400000000000001 -0.11452672217181478
0.9416666666666668 -0.11139589857528616
0.9433333333333334 -0.10824689895243349
0.9450000000000001 -0.1050806082627502
0.9466666666666668 -0.10189791603801643
0.9483333333333334 -0.09869971586222222
0.9500000000000001 -0.09548690485149315
0.9516666666666668 -0.09226038313466256
0.9533333333333334 -0.08902105333511173
0.9550000000000001 -0.08576982005451082
0.9566666666666668 -0.08250758935911365
0.9583333333333334 -0.07923526826922063
0.9600000000000001 -0.07595376425242341
0.9616666666666668 -0.07266398472127895
0.9633333333333334 -0.06936683653599944
0.9650000000000001 -0.0660632255127776
0.9666666666666667 -0.06275405593834842
0.9683333333333334 -0.05944023009135838
0.9700000000000001 -0.05612264777115685
0.9716666666666667 -0.052802205834550066
0.9733333333333334 -0.04947979774109696
0.9750000000000001 -0.046156313107502046
0.9766666666666667 -0.042832637271629254
0.9783333333333334 -0.03950965086669455
0.9800000000000001 -0.036188229406117656
0.9816666666666667 -0.03286924287957492
0.9833333333333334 -0.02955355536073489
0.9850000000000001 -0.02624202462712341
0.9866666666666667 -0.022935501792669656
0.9883333333333334 -0.019634830953291424
0.9900000000000001 -0.016340848846044025
0.9916666666666667 -0.013054384522195355
0.9933333333333334 -0.009776259034725643
0.9950000000000001 -0.006507285140565609
0.9966666666666667 -0.0032482670180653465
0.9983333333333334 0.0
