0.0 0.0
0.0016666666666666668 -0.0012383812248967505
0.0033333333333333335 -0.0024673794260769615
0.005 -0.0036871438337887875
0.006666666666666667 -0.004897821521073823
0.008333333333333333 -0.00609955778204125
0.01 -0.007292496441455178
0.011666666666666667 -0.00847678010286953
0.013333333333333334 -0.009652550342287172
0.015000000000000001 -0.010819947854041749
0.016666666666666666 -0.011979112555152382
0.018333333333333333 -0.01313018365408048
0.02 -0.014273299689317101
0.021666666666666667 -0.015408598542768671
0.023333333333333334 -0.016536217432514867
0.025 -0.01765629288898389
0.02666666666666667 -0.018768960718213823
0.028333333333333335 -0.01987435595540246
0.030000000000000002 -0.020972612811562485
0.03166666666666667 -0.022063864615695324
0.03333333333333333 -0.02314824375456785
0.035 -0.024225881611862534
0.03666666666666667 -0.025296908508097224
0.03833333333333334 -0.026361453642538637
0.04 -0.0274196450379948
0.04166666666666667 -0.028471609489243533
0.043333333333333335 -0.029517472515567193
0.045000000000000005 -0.03055735831782759
0.04666666666666667 -0.03159138974017832
0.04833333333333334 -0.03261968823661305
0.05 -0.033642373842269334
0.05166666666666667 -0.03465956514941378
0.05333333333333334 -0.03567137928793798
0.055 -0.03667793191012941
0.05666666666666667 -0.037679337179503794
0.058333333333333334 -0.038675707763335954
0.060000000000000005 -0.0396671548286497
0.06166666666666667 -0.040653788041308855
0.06333333333333334 -0.04163571556789438
0.065 -0.042613044080034655
0.06666666666666667 -0.04358587876091265
0.06833333333333334 -0.04455432331360889
0.07 -0.045518479970998886
0.07166666666666667 -0.04647844950696605
0.07333333333333333 -0.04743433124863266
0.07500000000000001 -0.04838622308941415
0.07666666666666667 -0.04933422150266434
0.07833333333333334 -0.05027842155572601
0.08 -0.051218916924207054
0.08166666666666667 -0.05215579990634679
0.08333333333333334 -0.05308916143732285
0.085 -0.05401909110338762
0.08666666666666667 -0.05494567715572749
0.08833333333333333 -0.05586900652398852
0.09000000000000001 -0.05678916482934665
0.09166666666666667 -0.05770623639713948
0.09333333333333334 -0.058620304268931445
0.095 -0.059531450214052976
0.09666666666666668 -0.06043975474053593
0.09833333333333334 -0.061345297105457997
0.1 -0.0622481553246766
0.10166666666666667 -0.06314840618195516
0.10333333333333335 -0.06404612523747122
0.10500000000000001 -0.0649413868357276
0.10666666666666667 -0.06583426411287639
0.10833333333333334 -0.06672482900344841
0.11 -0.0676131522465278
0.11166666666666668 -0.0684993033913879
0.11333333333333334 -0.06938335080257754
0.115 -0.07026536166452048
0.11666666666666667 -0.07114540198560161
0.11833333333333335 -0.0720235366018125
0.12000000000000001 -0.07289982917991177
0.12166666666666667 -0.07377434222017266
0.12333333333333334 -0.07464713705871998
0.125 -0.0755182738694602
0.12666666666666668 -0.07638781166563026
0.12833333333333335 -0.07725580830099928
0.13 -0.0781223204707097
0.13166666666666668 -0.07898740371178498
0.13333333333333333 -0.0798511124033303
0.135 -0.08071349976640434
0.1366666666666667 -0.08157461786362258
0.13833333333333334 -0.08243451759844957
0.14 -0.08329324871424733
0.14166666666666666 -0.08415085979302891
0.14333333333333334 -0.08500739825397848
0.14500000000000002 -0.08586291035170435
0.14666666666666667 -0.08671744117428754
0.14833333333333334 -0.08757103464105055
0.15000000000000002 -0.08842373350014915
0.15166666666666667 -0.08927557932589578
0.15333333333333335 -0.09012661251593
0.155 -0.09097687228811767
0.15666666666666668 -0.09182639667730672
0.15833333333333335 -0.09267522253183931
0.16 -0.09352338550991483
0.16166666666666668 -0.09437092007573825
0.16333333333333333 -0.09521785949550678
0.165 -0.09606423583320757
0.16666666666666669 -0.09691007994626123
0.16833333333333333 -0.09775542148099677
0.17 -0.09860028886795172
0.1716666666666667 -0.09944470931703817
0.17333333333333334 -0.10028870881256118
0.17500000000000002 -0.10113231210808488
0.17666666666666667 -0.10197554272114473
0.17833333333333334 -0.10281842292786456
0.18000000000000002 -0.10366097375742833
0.18166666666666667 -0.10450321498641794
0.18333333333333335 -0.10534516513305732
0.18500000000000003 -0.10618684145134143
0.18666666666666668 -0.10702825992506548
0.18833333333333335 -0.1078694352617397
0.19 -0.10871038088644014
0.19166666666666668 -0.10955110893555522
0.19333333333333336 -0.11039163025047308
0.195 -0.11123195437117732
0.19666666666666668 -0.11207208952980391
0.19833333333333333 -0.11291204264411292
0.2 -0.11375181931094859
0.2016666666666667 -0.11459142379961067
0.20333333333333334 -0.1154308590452297
0.20500000000000002 -0.11627012664209797
0.2066666666666667 -0.11710922683697395
0.20833333333333334 -0.11794815852238809
0.21000000000000002 -0.1187869192299417
0.21166666666666667 -0.11962550512358891
0.21333333333333335 -0.12046391099296144
0.21500000000000002 -0.12130213024667373
0.21666666666666667 -0.12214015490570033
0.21833333333333335 -0.12297797559673633
0.22 -0.12381558154564458
0.22166666666666668 -0.12465296057092382
0.22333333333333336 -0.12549009907725284
0.225 -0.12632698204909565
0.22666666666666668 -0.12716359304438835
0.22833333333333336 -0.12799991418829657
0.23 -0.12883592616708292
0.2316666666666667 -0.12967160822206902
0.23333333333333334 -0.13050693814370726
0.23500000000000001 -0.13134189226576976
0.2366666666666667 -0.13217644545967616
0.23833333333333334 -0.133010571128955
0.24000000000000002 -0.13384424120383653
0.24166666666666667 -0.13467742613602496
0.24333333333333335 -0.1355100948936174
0.24500000000000002 -0.13634221495620205
0.24666666666666667 -0.13717375231015014
0.24833333333333335 -0.13800467144408107
0.25 -0.13883493534454436
0.2516666666666667 -0.13966450549190654
0.25333333333333335 -0.1404933418564476
0.255 -0.1413214028947234
0.2566666666666667 -0.1421486455461132
0.25833333333333336 -0.14297502522966699
0.26 -0.14380049584118273
0.26166666666666666 -0.14462500975055542
0.26333333333333336 -0.14544851779940662
0.265 -0.14627096929899625
0.26666666666666666 -0.147092312028446
0.26833333333333337 -0.14791249223324746
0.27 -0.14873145462409412
0.27166666666666667 -0.14954914237603575
0.2733333333333334 -0.1503654971279909
0.275 -0.15118045898254862
0.27666666666666667 -0.1519939665061834
0.2783333333333334 -0.15280595672979447
0.28 -0.15361636514963362
0.2816666666666667 -0.1544251257285982
0.2833333333333333 -0.15523217089794641
0.28500000000000003 -0.1560374315593605
0.2866666666666667 -0.1568408370874725
0.28833333333333333 -0.15764231533277664
0.29000000000000004 -0.15844179262497632
0.2916666666666667 -0.15923919377675966
0.29333333333333333 -0.16003444208803377
0.29500000000000004 -0.1608274593505984
0.2966666666666667 -0.1616181658532877
0.29833333333333334 -0.1624064803875803
0.30000000000000004 -0.16319232025369165
0.3016666666666667 -0.1639756012671369
0.30333333333333334 -0.16475623776581014
0.305 -0.16553414261755536
0.3066666666666667 -0.16630922722824337
0.30833333333333335 -0.1670814015503787
0.31 -0.16785057409220805
0.3116666666666667 -0.16861665192739503
0.31333333333333335 -0.16937954070520497
0.315 -0.17013914466125246
0.3166666666666667 -0.1708953666287858
0.31833333333333336 -0.171648108050556
0.32 -0.17239726899121902
0.3216666666666667 -0.17314274815033948
0.32333333333333336 -0.1738844428759472
0.325 -0.17462224917869834
0.32666666666666666 -0.1753560617466032
0.32833333333333337 -0.17608577396035266
0.33 -0.17681127790925733
0.33166666666666667 -0.17753246440776724
0.33333333333333337 -0.17824922301260315
0.335 -0.1789614420405058
0.33666666666666667 -0.17966900858659143
0.3383333333333334 -0.1803718085433211
0.34 -0.18106972662008552
0.3416666666666667 -0.18176264636342881
0.3433333333333334 -0.18245045017787498
0.34500000000000003 -0.18313301934738369
0.3466666666666667 -0.18381023405744903
0.34833333333333333 -0.18448197341780173
0.35000000000000003 -0.18514811548574803
0.3516666666666667 -0.1858085372901557
0.35333333333333333 -0.18646311485602407
0.35500000000000004 -0.18711172322973668
0.3566666666666667 -0.18775423650489376
0.35833333333333334 -0.1883905278487984
0.36000000000000004 -0.18902046952954635
0.3616666666666667 -0.18964393294375223
0.36333333333333334 -0.1902607886448914
0.36500000000000005 -0.19087090637223839
0.3666666666666667 -0.19147415508044863
0.36833333333333335 -0.19207040296971845
0.37000000000000005 -0.1926595175165669
0.3716666666666667 -0.1932413655052002
0.37333333333333335 -0.19381581305947748
0.375 -0.19438272567547474
0.3766666666666667 -0.19494196825458876
0.37833333333333335 -0.195493405137262
0.38 -0.19603690013724567
0.3816666666666667 -0.19657231657641128
0.38333333333333336 -0.19709951732014336
0.385 -0.19761836481323997
0.3866666666666667 -0.19812872111636248
0.38833333333333336 -0.19863044794300236
0.39 -0.19912340669694284
0.3916666666666667 -0.19960745851024203
0.39333333333333337 -0.20008246428169116
0.395 -0.20054828471574804
0.39666666666666667 -0.20100478036192904
0.3983333333333334 -0.20145181165466017
0.4 -0.20188923895356362
0.40166666666666667 -0.20231692258415562
0.4033333333333334 -0.20273472287894945
0.405 -0.2031425002189746
0.4066666666666667 -0.20354011507563818
0.4083333333333334 -0.20392742805297645
0.41000000000000003 -0.20430429993022875
0.4116666666666667 -0.20467059170474666
0.4133333333333334 -0.205026164635214
0.41500000000000004 -0.20537088028513814
0.4166666666666667 -0.20570460056665255
0.41833333333333333 -0.2060271877845202
0.42000000000000004 -0.20633850468040976
0.4216666666666667 -0.2066384144773775
0.42333333333333334 -0.2069267809245252
0.42500000000000004 -0.2072034683418408
0.4266666666666667 -0.2074683416651919
0.42833333333333334 -0.2077212664914438
0.43000000000000005 -0.20796210912368446
0.4316666666666667 -0.2081907366165235
0.43333333333333335 -0.20840701682147583
0.43500000000000005 -0.20861081843235524
0.4366666666666667 -0.2088020110307003
0.43833333333333335 -0.20898046513117938
0.44 -0.20914605222696914
0.4416666666666667 -0.20929864483505992
0.44333333333333336 -0.209438116541495
0.445 -0.20956434204647806
0.4466666666666667 -0.20967719720937333
0.44833333333333336 -0.209776559093503
0.45 -0.20986230601080894
0.4516666666666667 -0.20993431756624165
0.45333333333333337 -0.20999247470196977
0.455 -0.2100366597412566
0.4566666666666667 -0.21006675643210732
0.45833333333333337 -0.2100826499905438
0.46 -0.21008422714355407
0.46166666666666667 -0.21007137617166333
0.4633333333333334 -0.21004398695108845
0.465 -0.21000195099548832
0.4666666666666667 -0.2099451614972169
0.4683333333333334 -0.20987351336811677
0.47000000000000003 -0.20978690327979035
0.4716666666666667 -0.20968522970332254
0.4733333333333334 -0.20956839294844773
0.47500000000000003 -0.20943629520209484
0.4766666666666667 -0.20928884056632754
0.4783333333333334 -0.20912593509561891
0.48000000000000004 -0.20894748683345263
0.4816666666666667 -0.2087534058482098
0.48333333333333334 -0.2085436042683148
0.48500000000000004 -0.2083179963166373
0.4866666666666667 -0.208076498344081
0.48833333333333334 -0.20781902886236628
0.49000000000000005 -0.20754550857597479
0.4916666666666667 -0.20725586041321148
0.49333333333333335 -0.20695000955637935
0.49500000000000005 -0.2066278834710339
0.4966666666666667 -0.2062894119342791
0.49833333333333335 -0.20593452706210308
0.5 -0.20556316333571314
0.5016666666666667 -0.2051752576268341
0.5033333333333334 -0.20477074922199556
0.505 -0.2043495798456999
0.5066666666666667 -0.20391169368254067
0.5083333333333334 -0.20345703739818224
0.51 -0.20298556015920474
0.5116666666666667 -0.20249721365178017
0.5133333333333334 -0.20199195209919038
0.515 -0.20146973227810272
0.5166666666666667 -0.20093051353364663
0.5183333333333333 -0.20037425779324658
0.52 -0.19980092957917112
0.5216666666666667 -0.19921049601981863
0.5233333333333333 -0.1986029268596736
0.525 -0.19797819446797532
0.5266666666666667 -0.19733627384600627
0.5283333333333333 -0.19667714263306818
0.53 -0.19600078111104483
0.5316666666666667 -0.19530717220760502
0.5333333333333333 -0.19459630149798585
0.535 -0.19386815720536107
0.5366666666666667 -0.19312273019977058
0.5383333333333333 -0.192360013995617
0.54 -0.1915800047476699
0.5416666666666667 -0.19078270124563546
0.5433333333333333 -0.1899681049072157
0.545 -0.1891362197696712
0.5466666666666667 -0.1882870524798818
0.5483333333333333 -0.18742061228289214
0.55 -0.18653691100891395
0.5516666666666667 -0.18563596305879515
0.5533333333333333 -0.1847177853879595
0.555 -0.18378239748876224
0.5566666666666668 -0.18282982137130027
0.5583333333333333 -0.18186008154264469
0.56 -0.18087320498449205
0.5616666666666666 -0.17986922112924825
0.5633333333333334 -0.1788481618344931
0.5650000000000001 -0.17781006135587335
0.5666666666666667 -0.17675495631838856
0.5683333333333334 -0.17568288568606233
0.5700000000000001 -0.17459389072999656
0.5716666666666667 -0.17348801499483746
0.5733333333333334 -0.17236530426359828
0.5750000000000001 -0.1712258065208648
0.5766666666666667 -0.17006957191438016
0.5783333333333334 -0.16889665271499515
0.5800000000000001 -0.1677071032749881
0.5816666666666667 -0.16650097998474542
0.5833333333333334 -0.16527834122782475
0.5850000000000001 -0.16403924733433536
0.5866666666666667 -0.16278376053272492
0.5883333333333334 -0.16151194489989848
0.5900000000000001 -0.16022386630968224
0.5916666666666667 -0.15891959237965328
0.5933333333333334 -0.15759919241630915
0.5950000000000001 -0.1562627373585935
0.5966666666666667 -0.1549102997197416
0.5983333333333334 -0.1535419535275016
0.6000000000000001 -0.15215777426266464
0.6016666666666667 -0.15075783879593896
0.6033333333333334 -0.14934222532314867
0.6050000000000001 -0.14791101329878387
0.6066666666666667 -0.14646428336783596
0.6083333333333334 -0.14500211729598383
0.61 -0.14352459789807326
0.6116666666666667 -0.1420318089649182
0.6133333333333334 -0.14052383518839762
0.615 -0.13900076208485523
0.6166666666666667 -0.1374626759167616
0.6183333333333334 -0.1359096636127038
0.62 -0.13434181268561238
0.6216666666666667 -0.13275921114925715
0.6233333333333334 -0.13116194743301632
0.625 -0.12955011029486063
0.6266666666666667 -0.12792378873259844
0.6283333333333334 -0.12628307189333518
0.63 -0.12462804898111399
0.6316666666666667 -0.12295880916278994
0.6333333333333334 -0.12127544147205477
0.635 -0.11957803471164193
0.6366666666666667 -0.1178666773536692
0.6383333333333334 -0.11614145743811884
0.64 -0.11440246246941164
0.6416666666666667 -0.11264977931109399
0.6433333333333334 -0.11088349407859306
0.645 -0.109103692029995
0.6466666666666667 -0.10731045745488274
0.6483333333333334 -0.10550387356115834
0.65 -0.10368402235983688
0.6516666666666667 -0.10185098454780787
0.6533333333333333 -0.10000483938851074
0.655 -0.09814566459051191
0.6566666666666667 -0.0962735361839403
0.6583333333333333 -0.09438852839476171
0.66 -0.09249071351686457
0.6616666666666667 -0.09058016178191464
0.6633333333333333 -0.08865694122695154
0.665 -0.08672111755968288
0.6666666666666667 -0.08477275402145618
0.6683333333333333 -0.0828119112478726
0.67 -0.08083864712697537
0.6716666666666667 -0.07885301665503344
0.6733333333333333 -0.07685507178980908
0.675 -0.07484486130134813
0.6766666666666667 -0.07282243062018445
0.6783333333333333 -0.07078782168297001
0.68 -0.06874107277546866
0.6816666666666668 -0.06668221837285951
0.6833333333333333 -0.06461128897735952
0.685 -0.06252831095305868
0.6866666666666668 -0.060433306357986494
0.6883333333333334 -0.05832629277333941
0.6900000000000001 -0.05620728312983605
0.6916666666666668 -0.05407628553116593
0.6933333333333334 -0.05193330307449512
0.6950000000000001 -0.04977833366798201
0.6966666666666667 -0.04761136984529574
0.6983333333333334 -0.045432398577064305
0.7000000000000001 -0.043241401079251465
0.7016666666666667 -0.04103835261842839
0.7033333333333334 -0.03882322231390005
0.7050000000000001 -0.036595972936675006
0.7066666666666667 -0.03435656070524491
0.7083333333333334 -0.03210493507816872
0.7100000000000001 -0.02984103854343895
0.7116666666666667 -0.027564806404605867
0.7133333333333334 -0.025276166563685976
0.7150000000000001 -0.022975039300812895
0.7166666666666667 -0.020661337050652675
0.7183333333333334 -0.018334964175593483
0.7200000000000001 -0.015995816735724137
0.7216666666666667 -0.013643782255593774
0.7233333333333334 -0.011278739487813137
0.7250000000000001 -0.008900558173520515
0.7266666666666667 -0.006509098799717864
0.7283333333333334 -0.004104212353600179
0.7300000000000001 -0.0016857400738443786
0.7316666666666667 0.0007464868009984954
0.7333333333333334 0.003192647286976784
0.7350000000000001 0.005652930911979528
0.7366666666666667 0.00812753797564907
0.7383333333333334 0.010616679811849418
0.7400000000000001 0.01312057905357912
0.7416666666666667 0.01563946990019688
0.7433333333333334 0.018173598386791834
0.745 0.020723222655571527
0.7466666666666667 0.023288613229066772
0.7483333333333334 0.025870053284962623
0.75 0.028467838932361277
0.7516666666666667 0.03108227948923241
0.7533333333333334 0.03371369776083392
0.755 0.03636243031880789
0.7566666666666667 0.03902882778071135
0.7583333333333334 0.04171325508964037
0.76 0.044416091793644384
0.7616666666666667 0.047137732324595984
0.7633333333333334 0.049878586276127505
0.765 0.05263907868025295
0.7666666666666667 0.05541965028226401
0.7683333333333334 0.058220757813470345
0.77 0.06104287426129254
0.7716666666666667 0.06388648913619692
0.7733333333333334 0.0667521087350591
0.775 0.06964025640024679
0.7766666666666667 0.07255147277397596
0.7783333333333334 0.07548631604726606
0.78 0.07844536220287535
0.7816666666666667 0.08142920525153355
0.7833333333333334 0.0844384574607823
0.785 0.08747374957569332
0.7866666666666667 0.09053573103064512
0.7883333333333333 0.09362507015145126
0.79 0.09674245434688465
0.7916666666666667 0.09988859028881977
0.7933333333333333 0.10306420408003836
0.795 0.1062700414087548
0.7966666666666667 0.10950686768889803
0.7983333333333333 0.11277546818511165
0.8 0.11607664812142765
0.8016666666666667 0.11941123277252703
0.8033333333333333 0.12278006753643562
0.805 0.1261840179875293
0.8066666666666668 0.12962396990859446
0.8083333333333333 0.1331008293007552
0.81 0.1366155223699537
0.8116666666666668 0.1401689954886963
0.8133333333333334 0.14376221513170112
0.8150000000000001 0.1473961677841077
0.8166666666666668 0.15107185982076246
0.8183333333333334 0.15479031735522394
0.8200000000000001 0.1585525860569363
0.8216666666666668 0.16235973093512457
0.8233333333333334 0.166212836087827
0.8250000000000001 0.17011300441455274
0.8266666666666668 0.1740613572909635
0.8283333333333334 0.17805903420394698
0.8300000000000001 0.18210719234551087
0.8316666666666667 0.18620700616382216
0.8333333333333334 0.19035966686973796
0.8350000000000001 0.19456638189717607
0.8366666666666667 0.1988283743156331
0.8383333333333334 0.20314688219319507
0.8400000000000001 0.20752315790833772
0.8416666666666667 0.21195846740886753
0.8433333333333334 0.21645408941629252
0.8450000000000001 0.22101131457403222
0.8466666666666667 0.22563144453776784
0.8483333333333334 0.23031579100636268
0.8500000000000001 0.23506567469173076
0.8516666666666667 0.23988242422612224
0.8533333333333334 0.2447673750053153
0.8550000000000001 0.24972186796621276
0.8566666666666667 0.25474724829747547
0.8583333333333334 0.2598448640818065
0.8600000000000001 0.2650160648685918
0.8616666666666667 0.2702622001756957
0.8633333333333334 0.2755846179192834
0.8650000000000001 0.28098466277061207
0.8666666666666667 0.28646367443883136
0.8683333333333334 0.29202298587900116
0.8700000000000001 0.29766392142455533
0.8716666666666667 0.3033877948436447
0.8733333333333334 0.3091959073188582
0.8750000000000001 0.31508954535005684
0.8766666666666667 0.3210699785801063
0.8783333333333334 0.3271384575435259
0.88 0.3332962113382126
0.8816666666666667 0.33954444522062904
0.8833333333333334 0.34588433812494673
0.885 0.35231704010695136
0.8866666666666667 0.3588436697136845
0.8883333333333334 0.36546531127995646
0.89 0.37218301215325605
0.8916666666666667 0.3789977798486677
0.8933333333333334 0.3859105791357801
0.895 0.3929223290597965
0.8966666666666667 0.4000338998993197
0.8983333333333334 0.40724611006364253
0.9 0.41455972293257143
0.9016666666666667 0.42197544364222495
0.9033333333333334 0.4294939158205268
0.905 0.43711571827640533
0.9066666666666667 0.44484136164713856
0.9083333333333334 0.4526712850085409
0.91 0.46060585245311314
0.9116666666666667 0.46864534964160703
0.9133333333333334 0.47678998033381664
0.915 0.48503986290483486
0.9166666666666667 0.4933950268533447
0.9183333333333334 0.5018554093089531
0.92 0.5104208515459123
0.9216666666666667 0.519091095511032
0.9233333333333333 0.5278657803739749
0.925 0.5367444391084863
0.9266666666666667 0.5457264951135989
0.9283333333333333 0.5548112588841894
0.93 0.5639979247407223
0.9316666666666668 0.5732855676284301
0.9333333333333333 0.582673139996545
0.935 0.5921594687687048
0.9366666666666668 0.6017432524159079
0.9383333333333334 0.6114230581440449
0.9400000000000001 0.621197319208176
0.9416666666666668 0.6310643323663425
0.9433333333333334 0.6410222554860303
0.9450000000000001 0.6510691053167587
0.9466666666666668 0.6612027554428146
0.9483333333333334 0.6714209344304135
0.9500000000000001 0.6817212241840749
0.9516666666666668 0.692101058527361
0.9533333333333334 0.70255772202359
0.9550000000000001 0.7130883490524766
0.9566666666666668 0.7236899231591586
0.9583333333333334 0.7343592766924386
0.9600000000000001 0.745093090749513
0.9616666666666668 0.7558878954449516
0.9633333333333334 0.7667400705221004
0.9650000000000001 0.7776458463255602
0.9666666666666667 0.7886013051539436
0.9683333333333334 0.7996023830125117
0.9700000000000001 0.8106448717859708
0.9716666666666667 0.8217244218521076
0.9733333333333334 0.8328365451576754
0.9750000000000001 0.8439766187784178
0.9766666666666667 0.8551398889858772
0.9783333333333334 0.8663214758442411
0.9800000000000001 0.8775163783611859
0.9816666666666667 0.8887194802174763
0.9833333333333334 0.899925556100794
0.9850000000000001 0.9111292786701158
0.9866666666666667 0.9223252261778047
0.9883333333333334 0.933507890777425
0.9900000000000001 0.9446716875462193
0.9916666666666667 0.9558109642521171
0.9933333333333334 0.9669200118960036
0.9950000000000001 0.9779930760610085
0.9966666666666667 0.9890243691014391
0.9983333333333334 1.0
