0.0 0.0
0.004 0.02673524346619735
0.008 0.05188050104410862
0.012 0.07545537994394713
0.016 0.09747858167207255
0.02 0.11797394103469624
0.024 0.13697472622357987
0.028 0.1545262122364812
0.032 0.17068665607712286
0.036000000000000004 0.18552688713547613
0.04 0.19912878191715783
0.044 0.21158292101448825
0.048 0.22298573063244378
0.052000000000000005 0.23343639462482377
0.056 0.2430337901072325
0.06 0.2518736550364444
0.064 0.2600461445953192
0.068 0.26763387953451234
0.07200000000000001 0.27471053802460665
0.076 0.2813399965166983
0.08 0.2875759870907961
0.084 0.29346221024777924
0.088 0.2990328235158521
0.092 0.3043132171400815
0.096 0.30932098733283275
0.1 0.31406702342758996
0.10400000000000001 0.3185566358997702
0.108 0.3227906656801606
0.112 0.32676652974470155
0.116 0.3304791721768018
0.12 0.3339219026999966
0.124 0.33708711539648445
0.128 0.33996688865054703
0.132 0.34255347327432684
0.136 0.3448396794970774
0.14 0.3468191753759543
0.14400000000000002 0.3484867096285331
0.148 0.34983827130996686
0.152 0.3508711975377233
0.156 0.3515842389172251
0.16 0.3519775906819429
0.164 0.35205289599859363
0.168 0.35181322650539626
0.17200000000000001 0.35126304400063857
0.176 0.3504081462936144
0.18 0.34925559955797747
0.184 0.3478136590607701
0.188 0.34609167984311007
0.192 0.3441000187632338
0.196 0.3418499292432208
0.2 0.33935345005511597
0.20400000000000001 0.33662328951292414
0.20800000000000002 0.33367270648188924
0.212 0.3305153896582615
0.216 0.32716533659887065
0.22 0.32363673398161846
0.224 0.3199438405506094
0.228 0.3161008741409598
0.232 0.31212190408890284
0.23600000000000002 0.30802075021498576
0.24 0.30381088942579393
0.244 0.29950537081759837
0.248 0.2951167399889978
0.252 0.29065697308480254
0.256 0.28613742090563005
0.26 0.2815687632323279
0.264 0.27696097333626335
0.268 0.2723232924798717
0.272 0.2676642140601297
0.276 0.26299147691353625
0.28 0.2583120671865618
0.28400000000000003 0.25363222808164265
0.28800000000000003 0.24895747671597573
0.292 0.24429262727851148
0.296 0.23964181963882436
0.3 0.23500855254882957
0.304 0.2303957205829705
0.308 0.2258056539827143
0.312 0.22124016060490628
0.316 0.21670056921860795
0.32 0.21218777344929957
0.324 0.2077022757306389
0.328 0.2032442306902607
0.332 0.1988134874654485
0.336 0.19440963051516497
0.34 0.19003201856530666
0.34400000000000003 0.18567982139275802
0.34800000000000003 0.18135205421972875
0.352 0.17704760955198304
0.356 0.1727652863521931
0.36 0.1685038164921613
0.364 0.16426188847476306
0.368 0.16003816845788071
0.372 0.1558313186483284
0.376 0.15164001316383646
0.38 0.14746295148575342
0.384 0.14329886964455335
0.388 0.13914654929473164
0.392 0.1350048248457525
0.396 0.130872588821682
0.4 0.1267487956245504
0.404 0.12263246387570358
0.40800000000000003 0.11852267750594873
0.41200000000000003 0.11441858575956987
0.41600000000000004 0.11031940226973641
0.42 0.1062244033538189
0.424 0.10213292566706494
0.428 0.09804436334227072
0.432 0.09395816473183123
0.436 0.08987382885712852
0.44 0.08579090165882945
0.444 0.08170897213052927
0.448 0.07762766840742456
0.452 0.0735466538715011
0.456 0.06946562332512049
0.46 0.06538429927599933
0.464 0.06130242836842341
0.468 0.05721977798818102
0.47200000000000003 0.05313613306208166
0.47600000000000003 0.04905129306713896
0.48 0.04496506925941891
0.484 0.04087728212823541
0.488 0.03678775907774263
0.492 0.032696332334971046
0.496 0.02860283708098613
0.5 0.02450710979999405
0.504 0.02040898683988503
0.508 0.016308303176804914
0.512 0.01220489137584608
0.516 0.008098580739775787
0.52 0.003989196637845594
0.524 -0.00012343999288923964
0.528 -0.004239512980779656
0.532 -0.008359211093594514
0.536 -0.01248272805881707
0.54 -0.016610262434757547
0.544 -0.020742017336088842
0.548 -0.024878200016436217
0.552 -0.02901902130972532
0.556 -0.03316469493110737
0.56 -0.037315436637496736
0.5640000000000001 -0.04147146324706958
0.5680000000000001 -0.04563299151654412
0.5720000000000001 -0.04980023687469943
0.5760000000000001 -0.05397341201043283
0.58 -0.05815272531373606
0.584 -0.062338379168312155
0.588 -0.06653056809520941
0.592 -0.07072947674784964
0.596 -0.07493527776020252
0.6 -0.079148129451686
0.604 -0.08336817339469292
0.608 -0.0875955318535026
0.612 -0.09183030510683493
0.616 -0.09607256867049667
0.62 -0.10032237044156374
0.624 -0.10457972779141174
0.628 -0.1088446246417962
0.632 -0.1131170085662068
0.636 -0.11739678796799692
0.64 -0.12168382939751035
0.644 -0.12597795508275034
0.648 -0.13027894076223054
0.652 -0.13458651392472423
0.656 -0.1389003525788931
0.66 -0.1432200846964449
0.664 -0.14754528849571075
0.668 -0.15187549375858156
0.672 -0.1562101844027353
0.676 -0.1605488025631376
0.68 -0.16489075447192894
0.684 -0.16923541846399076
0.6880000000000001 -0.1735821554764421
0.6920000000000001 -0.17793032245366888
0.6960000000000001 -0.18227928911455762
0.7000000000000001 -0.18662845858432928
0.704 -0.19097729243838116
0.708 -0.19532534074779556
0.712 -0.19967227775314803
0.716 -0.20401794382145838
0.72 -0.20836239435639772
0.724 -0.21270595632872483
0.728 -0.21704929306592188
0.732 -0.2213934778791631
0.736 -0.22574007700270868
0.74 -0.23009124216471666
0.744 -0.23444981288674963
0.748 -0.23881942830800781
0.752 -0.24320464793417793
0.756 -0.24761108020348857
0.76 -0.25204551712730244
0.764 -0.2565160724828547
0.768 -0.26103232009641625
0.772 -0.265605427643781
0.776 -0.2702482801035775
0.78 -0.27497558552632817
0.784 -0.27980395413659503
0.788 -0.2847519399878751
0.792 -0.289840032477487
0.796 -0.2950905830594927
0.8 -0.30052765055132186
0.804 -0.3061767466281074
0.808 -0.31206446158752926
0.812 -0.3182179494372452
0.8160000000000001 -0.32466425104119695
0.8200000000000001 -0.33142943474097714
0.8240000000000001 -0.33853753587021457
0.8280000000000001 -0.34600928026911093
0.8320000000000001 -0.35386058267532644
0.836 -0.36210081911303316
0.84 -0.37073088349049105
0.844 -0.37974105283355947
0.848 -0.3891087030652905
0.852 -0.39879593789295237
0.856 -0.4087472167500855
0.86 -0.41888709298291615
0.864 -0.42911819913600385
0.868 -0.4393196402187129
0.872 -0.44934597550400346
0.876 -0.4590269814175727
0.88 -0.46816838871728034
0.884 -0.47655377269342253
0.888 -0.48394774226210285
0.892 -0.49010052042083974
0.896 -0.494753934274637
0.9 -0.4976487399189234
0.904 -0.4985331010413267
0.908 -0.49717192835750107
0.912 -0.49335668065531946
0.916 -0.4869151394944238
0.92 -0.47772061059295357
0.924 -0.4656999857339998
0.928 -0.45084012592235023
0.932 -0.4331921006132433
0.936 -0.41287293448204854
0.9400000000000001 -0.39006466248343047
0.9440000000000001 -0.365010662020188
0.9480000000000001 -0.3380094021274557
0.9520000000000001 -0.30940590808161456
0.9560000000000001 -0.27958137214986084
0.96 -0.24894143684322487
0.964 -0.21790372920901033
0.968 -0.18688523024031306
0.972 -0.15629002271783357
0.976 -0.1264978774725374
0.98 -0.09785401946550376
0.984 -0.07066027236790452
0.988 -0.04516762867982903
0.992 -0.021570150908073255
0.996 0.0
