0.0 0.0
0.004 -0.014613450827740683
0.008 -0.02869682099364545
0.012 -0.04227774595917365
0.016 -0.05538203384685843
0.02 -0.06803545728525641
0.024 -0.08026503145893531
0.028 -0.09209977353812232
0.032 -0.1035709686126134
0.036000000000000004 -0.11471199179320533
0.04 -0.12555775545705955
0.044 -0.13614386457855057
0.048 -0.14650557147962778
0.052000000000000005 -0.1566766240067149
0.056 -0.16668809817032074
0.06 -0.1765672980651832
0.064 -0.18633679318242324
0.068 -0.19601364713537908
0.07200000000000001 -0.20560887371986308
0.076 -0.21512713763179084
0.08 -0.2245666995702611
0.084 -0.2339195901852398
0.088 -0.24317198538948528
0.092 -0.25230474752896903
0.096 -0.26129409292030004
0.1 -0.2701123460075927
0.10400000000000001 -0.27872874320141927
0.108 -0.28711025444560256
0.112 -0.2952223967330638
0.116 -0.30303002022984793
0.12 -0.31049805359896027
0.124 -0.3175922000086355
0.128 -0.3242795788885998
0.132 -0.3305293107318605
0.136 -0.3363130432931938
0.14 -0.3416054177024744
0.14400000000000002 -0.34638447264332634
0.148 -0.3506319841923914
0.152 -0.3543337384663409
0.156 -0.3574797340952175
0.16 -0.3600643118521771
0.164 -0.36208620955331766
0.168 -0.3635485415558575
0.17200000000000001 -0.3644587037339035
0.176 -0.36482820657214315
0.18 -0.36467244085051087
0.184 -0.36401038216287096
0.188 -0.36286424210144924
0.192 -0.3612590752512217
0.196 -0.359222352107174
0.2 -0.35678350861316127
0.20400000000000001 -0.35397348321173444
0.20800000000000002 -0.35082425210166013
0.212 -0.3473683728555858
0.216 -0.343638545701872
0.22 -0.3396672006798305
0.224 -0.3354861176008353
0.228 -0.33112608435488305
0.232 -0.32661659765747314
0.23600000000000002 -0.3219856088943625
0.24 -0.31725931634382676
0.244 -0.3124620037806177
0.248 -0.30761592432631185
0.252 -0.302741227430489
0.256 -0.297855926060189
0.26 -0.2929759005462279
0.264 -0.28811493508181957
0.268 -0.2832847825824075
0.272 -0.2784952534819614
0.276 -0.2737543240428106
0.28 -0.2690682598738129
0.28400000000000003 -0.26444175056476427
0.28800000000000003 -0.25987805163286193
0.292 -0.2553791303200512
0.296 -0.25094581215984285
0.3 -0.24657792563229425
0.304 -0.24227444263201853
0.308 -0.23803361287417088
0.312 -0.23385309074778227
0.316 -0.22973005348670336
0.32 -0.22566130986043875
0.324 -0.22164339888639562
0.328 -0.21767267832941964
0.332 -0.2137454029831415
0.336 -0.20985779292095677
0.34 -0.2060060920635516
0.34400000000000003 -0.20218661753677997
0.34800000000000003 -0.19839580039072283
0.352 -0.19463021832071237
0.356 -0.1908866210768931
0.36 -0.18716194927357865
0.364 -0.18345334731622606
0.368 -0.1797581711551844
0.372 -0.17607399155427264
0.376 -0.17239859353123277
0.38 -0.16872997258855235
0.384 -0.16506632830909548
0.388 -0.16140605584338236
0.392 -0.15774773576567014
0.396 -0.15409012272572165
0.4 -0.15043213327332944
0.404 -0.1467728331842729
0.40800000000000003 -0.14311142457012827
0.41200000000000003 -0.13944723301079168
0.41600000000000004 -0.13577969490808492
0.42 -0.1321083452216742
0.424 -0.1284328057148692
0.428 -0.12475277380771575
0.432 -0.12106801210814146
0.436 -0.11737833866860345
0.44 -0.11368361799560821
0.444 -0.10998375282241382
0.448 -0.10627867664094554
0.452 -0.10256834697723866
0.456 -0.09885273938533438
0.46 -0.09513184212719798
0.464 -0.09140565150071961
0.468 -0.08767416777391673
0.47200000000000003 -0.08393739168089773
0.47600000000000003 -0.08019532143372782
0.48 -0.07644795020390464
0.484 -0.07269526402750932
0.488 -0.06893724008909172
0.492 -0.06517384534085269
0.496 -0.061405035415592904
0.5 -0.05763075379404742
0.504 -0.05385093118961083
0.508 -0.05006548511594271
0.512 -0.046274319605489514
0.516 -0.04247732504952424
0.52 -0.03867437813284627
0.524 -0.03486534183875542
0.528 -0.03105006550232792
0.532 -0.02722838489234075
0.536 -0.02340012230441168
0.54 -0.01956508665004627
0.544 -0.015723073528316377
0.548 -0.011873865268836378
0.552 -0.008017230936557823
0.556 -0.004152926290707039
0.56 -0.00028069369191462265
0.5640000000000001 0.0035997380467214196
0.5680000000000001 0.007488653867221635
0.5720000000000001 0.011386352733898942
0.5760000000000001 0.015293147959409633
0.58 0.019209367587288795
0.584 0.023135354826886886
0.588 0.027071468534870483
0.592 0.031018083735674735
0.596 0.03497559217140905
0.6 0.038944402869815944
0.604 0.04292494271686688
0.608 0.04691765701850145
0.612 0.050923010033877676
0.616 0.05494148546026669
0.62 0.05897358684745962
0.624 0.06301983791721627
0.628 0.06708078276093385
0.632 0.07115698588635189
0.636 0.07524903208176126
0.64 0.07935752606389232
0.644 0.08348309187346638
0.648 0.08762637198030383
0.652 0.09178802605801911
0.656 0.09596872938666103
0.66 0.10016917084031984
0.664 0.1043900504157118
0.668 0.10863207625719219
0.672 0.1128959611335879
0.676 0.11718241832273696
0.68 0.1214921568607991
0.684 0.12582587611530213
0.6880000000000001 0.13018425964357921
0.6920000000000001 0.13456796830185808
0.6960000000000001 0.13897763257479828
0.7000000000000001 0.1434138441008337
0.704 0.147877146375307
0.708 0.15236802462113094
0.712 0.15688689482557674
0.716 0.16143409195183223
0.72 0.16600985734512555
0.724 0.1706143253654636
0.728 0.1752475092923366
0.732 0.17990928656094446
0.736 0.184599383404553
0.74 0.1893173589932367
0.744 0.19406258917537628
0.748 0.19883424994455987
0.752 0.2036313007707418
0.756 0.20845246795026987
0.76 0.21329622814437277
0.764 0.21816079228953555
0.768 0.2230440900753471
0.772 0.22794375519564553
0.776 0.23285711158646083
0.78 0.23778116086916415
0.784 0.24271257121890605
0.788 0.24764766787677728
0.792 0.25258242551907856
0.796 0.25751246268907957
0.8 0.2624330384865357
0.804 0.2673390516997889
0.808 0.2722250425575046
0.812 0.2770851972770011
0.8160000000000001 0.2819133556015293
0.8200000000000001 0.2867030215619726
0.8240000000000001 0.2914473777876772
0.8280000000000001 0.29613930385382137
0.8320000000000001 0.3007713994288223
0.836 0.3053360134316054
0.84 0.309825281104625
0.844 0.31423117196232037
0.848 0.31854555312879873
0.852 0.32276027481437153
0.856 0.3268672878187607
0.86 0.3308588072419987
0.864 0.3347275422974157
0.868 0.3384670194946449
0.872 0.3420720356467672
0.876 0.3455392881272537
0.88 0.3488682422271356
0.884 0.35206230854921394
0.888 0.3551304157008887
0.892 0.35808907288928843
0.896 0.3609650202405121
0.9 0.3637985576676886
0.904 0.36664762097829484
0.908 0.3695926312096863
0.912 0.37274207453754765
0.916 0.37623867100713515
0.92 0.3802658581869785
0.924 0.3850541511342573
0.928 0.39088674766336773
0.932 0.3981035383620053
0.936 0.4071024715557948
0.9400000000000001 0.41833704004482125
0.9440000000000001 0.43230853367192235
0.9480000000000001 0.4495516843272625
0.9520000000000001 0.4706124724224059
0.9560000000000001 0.49601722885544725
0.96 0.5262328200856581
0.964 0.5616187066831645
0.968 0.6023730590166612
0.972 0.6484769021043726
0.976 0.6996423929032939
0.98 0.7552736793543937
0.984 0.8144511299722809
0.988 0.8759517233405985
0.992 0.9383195812374663
0.996 1.0
