0.0 0.0
0.005 -0.0035725862251711565
0.01 -0.007064404377024637
0.015 -0.010479784031726698
0.02 -0.013822880696005747
0.025 -0.017097683679113514
0.03 -0.020308023465084677
0.035 -0.023457578606433955
0.04 -0.026549882159320706
0.045 -0.029588327679138122
0.05 -0.03257617479443288
0.055 -0.03551655437610339
0.06 -0.038412473317873674
0.065 -0.04126681894319268
0.07 -0.044082363052893425
0.075 -0.04686176562720955
0.08 -0.049607578195070466
0.085 -0.05232224688298553
0.09 -0.05500811515527775
0.095 -0.057667426256943925
0.1 -0.06030232536999462
0.105 -0.06291486149376956
0.11 -0.0655069890594179
0.115 -0.06808056928849102
0.12 -0.07063737130541109
0.125 -0.07317907301344628
0.13 -0.07570726174374408
0.135 -0.078223434686954
0.14 -0.08072899911699093
0.145 -0.08322527241656799
0.15 -0.08571348191424859
0.155 -0.08819476454293389
0.16 -0.09067016632991397
0.165 -0.09314064172885585
0.17 -0.09560705280440147
0.17500000000000002 -0.0980701682803747
0.18 -0.10053066246294967
0.185 -0.10298911405054176
0.19 -0.10544600484259685
0.195 -0.10790171835990348
0.2 -0.11035653838953507
0.20500000000000002 -0.1128106474680079
0.21 -0.11526412531675427
0.215 -0.1177169472445311
0.22 -0.12016898253189777
0.225 -0.12261999281343516
0.23 -0.1250696304738866
0.23500000000000001 -0.1275174370749256
0.24 -0.12996284182973988
0.245 -0.13240516014311143
0.25 -0.13484359223509834
0.255 -0.1372772218668583
0.26 -0.13970501518750228
0.265 -0.14212581972119948
0.27 -0.14453836351400517
0.275 -0.14694125446008188
0.28 -0.14933297982710234
0.28500000000000003 -0.15171190600066076
0.29 -0.15407627846745744
0.295 -0.15642422205688045
0.3 -0.1587537414603292
0.305 -0.16106272204726146
0.31 -0.16334893099643
0.315 -0.16561001876015286
0.32 -0.16784352087867316
0.325 -0.17004686016076287
0.33 -0.1722173492456388
0.335 -0.1743521935600483
0.34 -0.17644849468298504
0.34500000000000003 -0.17850325412894907
0.35000000000000003 -0.18051337755896063
0.355 -0.18247567942663864
0.36 -0.18438688806463335
0.365 -0.18624365121447456
0.37 -0.1880425420005515
0.375 -0.1897800653464133
0.38 -0.19145266482892556
0.385 -0.19305672996301892
0.39 -0.19458860390686
0.395 -0.19604459157423806
0.4 -0.19742096813785293
0.405 -0.19871398790399986
0.41000000000000003 -0.19991989353588502
0.41500000000000004 -0.20103492559955016
0.42 -0.202055332403071
0.425 -0.2029773800964392
0.43 -0.20379736299629067
0.435 -0.20451161409649124
0.44 -0.20511651572251677
0.445 -0.20560851028464058
0.45 -0.20598411108213643
0.455 -0.20623991310813863
0.46 -0.2063726038023986
0.465 -0.20637897369704672
0.47000000000000003 -0.20625592689859903
0.47500000000000003 -0.2060004913478679
0.48 -0.20560982879817924
0.485 -0.2050812444513594
0.49 -0.2044121961903914
0.495 -0.20360030334740667
0.5 -0.20264335494583857
0.505 -0.20153931735608288
0.51 -0.20028634130490058
0.515 -0.1988827681800466
0.52 -0.19732713557320938
0.525 -0.19561818200627154
0.53 -0.19375485078812016
0.535 -0.19173629295174613
0.54 -0.18956186922408558
0.545 -0.1872311509839858
0.55 -0.1847439201667315
0.555 -0.1821001680767089
0.56 -0.1793000930729651
0.5650000000000001 -0.17634409709555093
0.5700000000000001 -0.1732327810035702
0.5750000000000001 -0.16996693869873808
0.58 -0.16654755001087082
0.585 -0.16297577232406263
0.59 -0.15925293092424622
0.595 -0.15538050805035986
0.6 -0.15136013063233292
0.605 -0.14719355669957176
0.61 -0.1428826604434555
0.615 -0.13842941591657504
0.62 -0.13383587934995375
0.625 -0.1291041700673592
0.63 -0.12423644997295588
0.635 -0.11923490158507491
0.64 -0.11410170458474964
0.645 -0.10883901084301377
0.65 -0.10344891788585561
0.655 -0.09793344075027789
0.66 -0.0922944821793396
0.665 -0.08653380109849985
0.67 -0.08065297931034106
0.675 -0.0746533863400762
0.68 -0.06853614236050971
0.685 -0.06230207912272722
0.6900000000000001 -0.055951698818170685
0.6950000000000001 -0.049485130799484744
0.7000000000000001 -0.04290208609213768
0.705 -0.0362018096370436
0.71 -0.02938303021691673
0.715 -0.022443908036736876
0.72 -0.0153819799523179
0.725 -0.008194102371517131
0.73 -0.000876391891085454
0.735 0.006575836220444687
0.74 0.014168131526010729
0.745 0.02190697367308825
0.75 0.029799839079604293
0.755 0.03785526864195171
0.76 0.04608293594650909
0.765 0.054493715343434945
0.77 0.06309974910342751
0.775 0.07191451272440826
0.78 0.08095287728561457
0.785 0.09023116756191912
0.79 0.0997672144121835
0.795 0.10958039974374066
0.8 0.11969169213288357
0.805 0.13012367095162392
0.81 0.1409005366179769
0.8150000000000001 0.15204810435561683
0.8200000000000001 0.16359377862510754
0.8250000000000001 0.17556650518033887
0.8300000000000001 0.18799669751891077
0.835 0.20091613434387967
0.84 0.21435782454769256
0.845 0.2283558361796919
0.85 0.24294508587991523
0.855 0.25816108536856214
0.86 0.27403964178788665
0.865 0.29061650901724195
0.87 0.3079269875385482
0.875 0.3260054710342569
0.88 0.34488493866769265
0.885 0.364596392939822
0.89 0.38516824414810164
0.895 0.40662564380037075
0.9 0.4289897708642385
0.905 0.4522770764602235
0.91 0.47649849452984544
0.915 0.5016586281171168
0.92 0.5277549231761952
0.925 0.5547768442358384
0.93 0.5827050687827969
0.935 0.6115107198360498
0.9400000000000001 0.6411546588320024
0.9450000000000001 0.6715868635854161
0.9500000000000001 0.7027459186903785
0.9550000000000001 0.734558648243024
0.96 0.7669399231750326
0.965 0.799792677771462
0.97 0.8330081721169428
0.975 0.8664665393084406
0.98 0.9000376583641658
0.985 0.9335823959627857
0.99 0.9669542626276232
0.995 0.9999999999993898
