0.0 0.0
0.005 0.008925645138208352
0.01 0.01755687355740447
0.015 0.025895903931778392
0.02 0.033945381379618354
0.025 0.04170834422664431
0.03 0.04918819208131629
0.035 0.056388655083414466
0.04 0.0633137642185775
0.045 0.06996782261810167
0.05 0.0763553777856318
0.055 0.08248119471091592
0.06 0.08835022984594203
0.065 0.09396760593096296
0.07 0.0993385876674899
0.075 0.10446855824263294
0.08 0.10936299671448488
0.085 0.11402745627186582
0.09 0.11846754338389925
0.095 0.12268889785582107
0.1 0.12669717380729414
0.105 0.13049802158852436
0.11 0.1340970706477911
0.115 0.13749991336174
0.12 0.14071208983710723
0.125 0.14373907368950614
0.13 0.14658625880165213
0.135 0.1492589470599902
0.14 0.15176233706520445
0.145 0.1541015138085903
0.15 0.15628143930282257
0.155 0.1583069441522889
0.16 0.16018272004494302
0.165 0.16191331314457344
0.17 0.16350311835952552
0.17500000000000002 0.16495637446128686
0.18 0.1662771600239459
0.185 0.16746939015339002
0.19 0.16853681397324075
0.195 0.16948301283290448
0.2 0.1703113992017874
0.20500000000000002 0.171025216212664
0.21 0.17162753781638454
0.215 0.17212126950958895
0.22 0.17250914959681551
0.225 0.17279375094836727
0.23 0.17297748321551956
0.23500000000000001 0.17306259546506378
0.24 0.1730511791958523
0.245 0.17294517170082976
0.25 0.17274635973905106
0.255 0.17245638348337514
0.26 0.17207674071083792
0.265 0.1716087912041599
0.27 0.17105376133441602
0.275 0.17041274879653778
0.28 0.16968672747106814
0.28500000000000003 0.16887655238737836
0.29 0.16798296476540106
0.295 0.16700659711480645
0.3 0.16594797837244699
0.305 0.16480753906077356
0.31 0.16358561645183178
0.315 0.16228245972329086
0.32 0.16089823509480364
0.325 0.15943303093477426
0.33 0.15788686282936704
0.335 0.15625967860725287
0.34 0.15455136331522898
0.34500000000000003 0.15276174414138066
0.35000000000000003 0.1508905952839494
0.355 0.148937642765447
0.36 0.1469025691929055
0.365 0.14478501846636183
0.37 0.1425846004388577
0.375 0.14030089553229635
0.38 0.13793345931449713
0.385 0.1354818270437027
0.39 0.13294551818763337
0.395 0.13032404092493577
0.4 0.12761689663757203
0.405 0.1248235844033047
0.41000000000000003 0.12194360549798854
0.41500000000000004 0.11897646791787198
0.42 0.11592169093252648
0.425 0.11277880967941699
0.43 0.10954737981141739
0.435 0.10622698220886694
0.44 0.10281722776796935
0.445 0.09931776227751803
0.45 0.09572827139604977
0.455 0.0920484857416297
0.46 0.08827818610650001
0.465 0.08441720880882767
0.47000000000000003 0.08046545119373148
0.47500000000000003 0.07642287729567687
0.48 0.07228952367417121
0.485 0.06806550543447341
0.49 0.06375102244476699
0.495 0.05934636576087865
0.5 0.054851924269197744
0.505 0.05026819155792025
0.51 0.045595773026088256
0.515 0.04083539323914362
0.52 0.03598790353880374
0.525 0.03105428991399553
0.53 0.026035681138351804
0.535 0.020933357178316465
0.54 0.015748757874235464
0.545 0.010483491894885462
0.55 0.00513934596369359
0.555 -0.0002817056476177244
0.56 -0.005777491365064649
0.5650000000000001 -0.011345632308433776
0.5700000000000001 -0.016983532051248865
0.5750000000000001 -0.02268836616262958
0.58 -0.02845707155351234
0.585 -0.0342863356546683
0.59 -0.040172585459449836
0.595 -0.046111976470214526
0.6 -0.05210038159394654
0.605 -0.05813338003973754
0.61 -0.06420624627849716
0.615 -0.0703139391335141
0.62 -0.07645109107935172
0.625 -0.08261199783588978
0.63 -0.08879060835419188
0.635 -0.09498051530116355
0.64 -0.10117494616063444
0.645 -0.10736675507942886
0.65 -0.1135484155981218
0.655 -0.1197120144173034
0.66 -0.12584924636122252
0.665 -0.13195141071138805
0.67 -0.13800940909291973
0.675 -0.14401374510587586
0.68 -0.14995452590222788
0.685 -0.15582146591624985
0.6900000000000001 -0.16160389296157882
0.6950000000000001 -0.1672907569117201
0.7000000000000001 -0.172870641181943
0.705 -0.17833177722902596
0.71 -0.18366206228070442
0.715 -0.1888490804986651
0.72 -0.19388012776706962
0.725 -0.19874224028259255
0.73 -0.203422227101469
0.735 -0.20790670677383646
0.74 -0.21218214816544026
0.745 -0.21623491553152824
0.75 -0.22005131786729817
0.755 -0.22361766251375412
0.76 -0.22692031294734988
0.765 -0.22994575062669187
0.77 -0.2326806407102499
0.775 -0.2351119013960479
0.78 -0.2372267765684393
0.785 -0.2390129113691323
0.79 -0.2404584302407164
0.795 -0.24155201692214404
0.8 -0.2422829958082954
0.805 -0.24264141402124775
0.81 -0.24261812348071113
0.8150000000000001 -0.24220486220676476
0.8200000000000001 -0.24139433404110186
0.8250000000000001 -0.2401802859350402
0.8300000000000001 -0.2385575819249202
0.835 -0.23652227289970745
0.84 -0.23407166126267434
0.845 -0.23120435960009275
0.85 -0.22792034249557122
0.855 -0.22422099066955303
0.86 -0.2201091266796876
0.865 -0.21558904148910585
0.87 -0.21066651129556002
0.875 -0.2053488041139987
0.88 -0.1996446757172222
0.885 -0.19356435466217212
0.89 -0.1871195162612891
0.895 -0.1803232454970239
0.9 -0.17318998902066668
0.905 -0.165735496521558
0.91 -0.1579767518969178
0.915 -0.14993189479325042
0.92 -0.14162013322500008
0.925 -0.13306164810239182
0.93 -0.12427749061593611
0.935 -0.11528947352792418
0.9400000000000001 -0.1061200575097679
0.9450000000000001 -0.09679223373700994
0.9500000000000001 -0.08732940401036422
0.9550000000000001 -0.07775525971091701
0.96 -0.06809366092066338
0.965 -0.058368517046406436
0.97 -0.04860367027665789
0.975 -0.038822783178869835
0.98 -0.029049231709841323
0.985 -0.019306004867356515
0.99 -0.009615612158311287
0.995 0.0
