0.0 0.0
0.01 -0.009001830142924248
0.02 -0.017585856994199317
0.03 -0.025793973751179693
0.04 -0.0336650856629853
0.05 -0.041235084421981934
0.06 -0.04853695780087205
0.07 -0.055600963875668735
0.08 -0.06245481259285381
0.09 -0.06912382289618993
0.1 -0.07563104406279143
0.11 -0.08199734146375223
0.12 -0.08824145163280576
0.13 -0.09438001225539892
0.14 -0.1004275719416641
0.15 -0.10639658362512017
0.16 -0.11229738475367439
0.17 -0.11813816706710022
0.18 -0.12392493870445925
0.19 -0.12966148141399955
0.2 -0.13534930578297774
0.21 -0.1409876074882893
0.22 -0.14657322769846184
0.23 -0.15210062079195205
0.24 -0.15756183262396248
0.25 -0.1629464925352701
0.26 -0.16824182227876208
0.27 -0.17343266490053294
0.28 -0.17850153647685962
0.29 -0.1834287033358841
0.3 -0.18819228710589594
0.31 -0.19276839949706012
0.32 -0.19713130826271566
0.33 -0.201253635175649
0.34 -0.20510658621820696
0.35000000000000003 -0.20866021340983154
0.36 -0.21188370690985786
0.37 -0.21474571513764018
0.38 -0.21721468977830466
0.39 -0.21925925160588886
0.4 -0.2208485721913821
0.41000000000000003 -0.221952765698804
0.42 -0.22254328424255204
0.43 -0.2225933096201245
0.44 -0.2220781337732977
0.45 -0.22097552000567156
0.46 -0.2192660369089124
0.47000000000000003 -0.21693335705237
0.48 -0.21396451286516996
0.49 -0.21035010269739382
0.5 -0.20608444085491848
0.51 -0.2011656463519167
0.52 -0.19559566625464322
0.53 -0.1893802306714623
0.54 -0.18252873769185524
0.55 -0.1750540677512853
0.56 -0.16697232799853956
0.5700000000000001 -0.1583025281286539
0.58 -0.1490661898155991
0.59 -0.13928689221119173
0.6 -0.12898975598152043
0.61 -0.11820086793994429
0.62 -0.10694664754383294
0.63 -0.09525315531415621
0.64 -0.08314534169279905
0.65 -0.07064623300966702
0.66 -0.05777604923513105
0.67 -0.04455124618683535
0.68 -0.030983473083510137
0.6900000000000001 -0.01707843508742437
0.7000000000000001 -0.0028346501293731365
0.71 0.011757909636675948
0.72 0.026719298392222823
0.73 0.042081200170506865
0.74 0.057888647159299624
0.75 0.07420183116997453
0.76 0.0910979681029345
0.77 0.1086731507222254
0.78 0.12704409414886994
0.79 0.1463496409280368
0.8 0.16675184900994564
0.81 0.18843643780753946
0.8200000000000001 0.21161231760260174
0.8300000000000001 0.2365098800954816
0.84 0.26337768929372307
0.85 0.29247719023825197
0.86 0.3240750588469917
0.87 0.35843286117916173
0.88 0.3957937880685236
0.89 0.436366394127062
0.9 0.480305510326798
0.91 0.5276908244762426
0.92 0.5785040365122608
0.93 0.6326059904062639
0.9400000000000001 0.6897157481612461
0.9500000000000001 0.7493941827948171
0.96 0.811035301874062
0.97 0.8738691528896075
0.98 0.9369808085573824
0.99 1.0
