0.0 0.0
0.01 0.01890475916959528
0.02 0.03651046987216971
0.03 0.05285533538597953
0.04 0.06798110940429962
0.05 0.08193241076624563
0.06 0.09475607957616325
0.07 0.1065005623571007
0.08 0.11721532146590519
0.09 0.1269502691112552
0.1 0.13575522940001314
0.11 0.14367943344768258
0.12 0.15077105308238345
0.13 0.15707677844866166
0.14 0.16264144404812808
0.15 0.16750770670202464
0.16 0.17171577765053211
0.17 0.1753032097014765
0.18 0.1783047390208718
0.19 0.1807521799543001
0.2 0.18267437016956337
0.21 0.18409716250623
0.22 0.18504345918386314
0.23 0.18553328350173545
0.24 0.1855838838352478
0.25 0.1852098646010712
0.26 0.1844233389084493
0.27 0.18323409780542618
0.28 0.18164979136526704
0.29 0.17967611727832328
0.3 0.1773170131378709
0.31 0.17457484915051305
0.32 0.1714506186076589
0.33 0.16794412402138836
0.34 0.1640541574291635
0.35000000000000003 0.15977867388908512
0.36 0.15511495772330594
0.37 0.15005978148983387
0.38 0.14460955810281292
0.39 0.13876048683426978
0.4 0.13250869427063333
0.41000000000000003 0.1258503715093119
0.42 0.11878190913872737
0.43 0.11130003168087951
0.44 0.1034019333796959
0.45 0.09508541730812047
0.46 0.08634903994547355
0.47000000000000003 0.07719226344532583
0.48 0.06761561798495877
0.49 0.057620876643751644
0.5 0.04721124541659227
0.51 0.03639157099423508
0.52 0.025168569052239586
0.53 0.013551075729213635
0.54 0.001550324955293017
0.55 -0.010819745959962025
0.56 -0.023542160354737465
0.5700000000000001 -0.03659653433516778
0.58 -0.049958676206731716
0.59 -0.06360015360952395
0.6 -0.07748783019053719
0.61 -0.09158337565014588
0.62 -0.10584275540248268
0.63 -0.12021570916298485
0.64 -0.13464523133499345
0.65 -0.14906707031311148
0.66 -0.16340926850200146
0.67 -0.17759177003119458
0.68 -0.19152612844613617
0.6900000000000001 -0.20511535192827904
0.7000000000000001 -0.21825392826469517
0.71 -0.23082807544375294
0.72 -0.2427162656146641
0.73 -0.253790069584576
0.74 -0.2639153651616341
0.75 -0.27295394483501473
0.76 -0.280765545848534
0.77 -0.28721030840196027
0.78 -0.29215164552437484
0.79 -0.2954594817201203
0.8 -0.29701378795815897
0.81 -0.2967083097896138
0.8200000000000001 -0.29445435575013096
0.8300000000000001 -0.29018448756118076
0.84 -0.28385593503655565
0.85 -0.27545354986177745
0.86 -0.26499211590036237
0.87 -0.252517850728717
0.88 -0.23810896389080602
0.89 -0.22187518054113373
0.9 -0.2039561920445592
0.91 -0.1845190537440725
0.92 -0.16375460984386603
0.93 -0.1418730811965741
0.9400000000000001 -0.11909899926520275
0.9500000000000001 -0.0956657050640373
0.96 -0.07180965345218632
0.97 -0.04776477034010302
0.98 -0.02375710455657715
0.99 0.0
